3.218884733937752
0.048568326896030
-2.160877756406496
0.012715628069484
2.997242977946465
3.218884727994666
3.218884729709366
3.218884730633640
3.218884728536996
3.218884727447738
-3.218884734106378
-1.047147059235123
3.218884734430941
-0.960689675551658
-3.218884734300092
-3.218884733685165
-3.218884733511742
-3.218884730688100
-3.218884720736005
-3.218884728624774
-0.061026585018087
0.000000000000000
1.740980081267269
0.725886788704681
1.391846845104624
0.842680883645669
-0.238158150325992
1.740980069256016
1.740980067711221
1.740980062830094
1.740980062970127
1.740980060483621
1.740980083236610
1.740980081986266
0.672245335892476
1.687077265267985
1.740980076725662
1.740980074388070
1.740980072623671
1.740980070227525
1.740980067007410
1.740980064484126
0.316477660809623
0.000000000000000
-9.548853258310348
1.882857273636507
-1.960687542185288
-5.798741030626212
9.548853256501950
9.548853235154697
9.548853204050644
9.548853183342180
9.548852748588848
9.548852434857919
-9.548853257784348
1.467836525764891
-0.232964836717390
-9.548853256179656
9.548853251415922
9.548853218252880
9.548853160937551
9.548853150637198
-9.548764781143136
-9.030187675811792
-0.533447392314467
0.000000000000000
-0.222771535089427
0.042242168207216
-0.206114725719409
0.027717586422170
0.028850657334188
-0.222771524850214
-0.222771525874262
-0.222771524989434
-0.222771526451091
-0.222771525928740
-0.222771534857497
-0.222771535174065
0.109177987997634
-0.215281473440751
-0.222771522810932
-0.222771528742644
-0.222771528551527
-0.222771527440843
-0.222771527721058
-0.222771527082067
-0.050518023074172
0.000000000000000
-0.560702335740060
0.341996345736667
-0.560702335739051
0.353051848092715
-0.560702335748105
-0.560702335252687
-0.560702335139468
-0.560702335041064
-0.560702334835718
-0.560702334744861
-0.241520802999053
0.222541025282939
-0.560702335882441
0.153602778323499
0.560702334928333
-0.504800510201757
-0.560702333961115
-0.560702334045349
-0.560702334350667
-0.560702334331879
-0.039994217401153
0.000000000000000
-0.539009188753701
-0.203018201857737
0.282855079986666
-0.196744447312272
-0.504370058890697
-0.539009186069597
-0.539009186277438
-0.539009186631472
-0.539009185107511
-0.539009184649490
0.539009188877340
0.331959641274847
-0.539009188966365
0.317814520037261
0.539009188927949
0.539009188585082
0.539009188538795
0.539009186991541
0.539009187978645
0.539009174337848
-0.002044936909912
0.000000000000000
1.379691273989649
0.023845704164522
0.407698902464232
0.708212955223007
-1.379691274116684
-1.379691274127845
-1.379691274118738
-1.379691273979419
-1.379691273863326
-1.379691274021575
1.379691274227300
0.332875279618137
0.033768766353377
1.307726176141308
-1.379691274244125
-1.379691274171228
-1.379691274088837
-1.379691273963594
-1.379691273987622
-1.379691274131299
0.106284265968659
0.000000000000000
-0.154286284151105
-0.101103485807856
-0.006249287908425
0.068268852880941
0.154286283902981
0.154286280290806
0.154286273846382
0.154286274455391
0.154286065806684
0.154286182850290
0.021357765588380
0.154286284632922
-0.019158030456444
-0.154286284638692
-0.154286283137324
0.126090066814363
-0.154286257918099
0.154286264938217
-0.154286252036812
-0.154286188956668
-0.002879333954413
0.000000000000000
