2.488856677933949
0.022786022780394
-2.020746346241916
0.000000000000000
2.135568615945686
2.865419740459344
2.865419738586669
2.865419739437382
2.865419731401135
2.865419730815921
-2.865419746755703
-0.800001482171865
2.865419747340009
-0.732734836987063
-2.865419746795316
-2.865419742795666
-2.865419740069244
-2.865419732822444
0.000000000000000
-2.865419697709545
-0.058641333155795
2.778923713087939
0.047625634459484
1.225030160015568
0.000000000000000
2.778923713117292
2.778923713125379
2.778923713035764
2.778923712966432
2.778923712918713
2.778923712868004
2.778923713226935
0.965698746571729
0.465974132623368
1.309080472240620
-1.116023536738637
2.778923713117766
2.778923712918594
2.778923712890401
0.000000000000000
2.778923712764914
0.220924771584491
-13.844079727019782
7.022309416240763
0.950134291605260
0.000000000000000
5.899922293144100
-13.844079725879775
-13.844079723452445
-13.844079724897362
-13.844079723819645
-13.844079723152362
-13.844079727268811
8.393601486726549
1.773211699359983
-3.066847855312918
13.844079727046287
13.844079726788220
13.844079712089398
13.844079705764008
0.000000000000000
-13.844079724719693
0.595277820591562
-0.230234942860052
0.014682393379954
-0.210008473662103
0.000000000000000
0.008658829815039
-0.230234942718545
-0.230234942721221
-0.230234942686723
-0.230234942703866
-0.230234942690871
-0.230234942866728
-0.230234942866807
0.071599074221168
-0.227147513694567
-0.201078694271849
-0.230234942754606
-0.230234942746064
-0.230234942704143
0.000000000000000
-0.230234942686868
-0.058720483254091
-0.354343452321785
0.065957846207994
-0.635336068180735
0.000000000000000
0.635336067764247
-0.635336067706468
-0.635336067687779
-0.635336067653115
-0.635336067443913
-0.635336067392640
0.428173972046670
-0.156600372492455
-0.635336068227743
-0.108792523377121
0.132371832832921
-0.635336067761601
-0.635336067690614
-0.635336067618926
0.000000000000000
-0.635336067376167
-0.092763686509762
-0.684107953570292
-0.012592106853654
0.424789949641520
0.000000000000000
-0.684107953630111
-0.684107953392150
-0.684107953221596
-0.684107952969700
-0.684107952816016
-0.684107952590384
0.203738570063070
0.684107953611601
-0.497571417912176
0.629791145843772
0.684107953252679
0.684107949940740
-0.684107949747114
0.137191365145049
0.000000000000000
-0.684107952157982
0.045543184927841
1.987563280401098
-0.682945356759806
-0.106012302950335
0.000000000000000
-1.636555037312470
1.987563280358001
1.987563280307182
1.987563280177535
1.987563280250633
1.987563280251110
1.987563280498341
-0.779526245341900
-0.211437413385371
0.302639590655873
-1.987563280438152
-1.987563280255661
-1.987563279146282
-1.987563278871786
0.000000000000000
1.987563280099906
-0.060751890021698
0.126963306394928
-0.186576442185600
-0.020959700450275
0.000000000000000
0.198380477670460
0.198380477397242
0.198380477111387
0.198380476789351
0.198380476176796
0.198380475740483
-0.198380477559688
0.126699016729343
-0.067139830158281
-0.198380477702244
-0.198380476746314
0.025564275037172
0.198380475889256
0.198380473597141
0.000000000000000
0.198380471598537
-0.014910946477330
