0.185846067180782
-1.590417822691102
-1.590417823150539
0.000000000000000
0.000000000000000
0.000000000000000
0.177565832108856
0.000000000000000
-0.764809738044804
0.574941687568202
0.000000000000000
0.000000000000000
1.590417825253466
1.590417825253466
1.590417826673322
1.205140188179660
0.964646622346884
1.590417826703830
1.590417826583577
1.590417826744242
0.380470343924409
7.243755238699467
7.243755238994209
7.243755238916989
0.000000000000000
0.000000000000000
0.000000000000000
0.374126939955668
0.000000000000000
-2.701797782490269
7.243755239325260
0.000000000000000
0.000000000000000
7.243755238526387
7.243755238526387
-1.564607691105630
-0.440562896412664
2.521594846594476
-6.530204606691624
7.243755239347680
7.243755239294276
0.108854705002206
-5.434687408393777
-5.434687412256751
-5.434687413364531
0.000000000000000
0.000000000000000
0.000000000000000
-2.800204685783737
0.000000000000000
-5.434687415423998
-5.434687415348114
0.000000000000000
0.000000000000000
5.434687414066767
5.434687414066767
-5.434687391481473
3.417817513244284
-4.692457320563129
-1.753299861532725
-3.944076700286443
1.083021213326206
-0.962573815132999
-0.972435845097060
-0.972435845012783
-0.972435844949102
0.000000000000000
0.000000000000000
0.000000000000000
-0.114047132749281
0.000000000000000
0.548577585628321
-0.972435845497920
0.000000000000000
0.000000000000000
-0.972435845513683
-0.972435845513683
0.235437591575188
-0.047188205466989
-0.161072365667408
0.633849409227112
-0.972435844809973
-0.972435846223848
-0.106341891776586
7.626408682436161
7.626408857017473
7.626409013654380
0.000000000000000
0.000000000000000
0.000000000000000
3.259977209159267
0.000000000000000
7.626409105970349
7.626409100744819
0.000000000000000
0.000000000000000
-7.626409041442358
-7.626409041442358
6.693424023355925
-3.060092079644666
3.301395564439899
7.175149784010613
2.572350751439568
-7.626408136928264
1.175542507395232
0.658103390830698
-0.639588910861655
-0.658103394355575
0.000000000000000
0.000000000000000
0.000000000000000
0.273380376637546
0.000000000000000
-0.658103399429526
-0.658103399385599
0.000000000000000
0.000000000000000
0.658103399069962
0.658103399069962
-0.160918848601672
0.395328431818382
-0.588870128018208
0.544079900485774
0.658103398916056
0.658103398742965
0.030157076337894
-4.600522034075728
-4.600522035132405
-4.600522035366468
0.000000000000000
0.000000000000000
0.000000000000000
0.066732353896733
0.000000000000000
2.511833977942723
-4.600522034960165
0.000000000000000
0.000000000000000
-4.600522034717918
-4.600522034717918
3.147330872346774
-1.756719865359210
0.374038259079018
2.980978901457811
-4.600522036114902
-4.600522035181410
0.032428317483425
0.593519017202958
1.005786154953990
1.005786155456252
0.000000000000000
0.000000000000000
0.000000000000000
0.082698788020763
0.000000000000000
1.005786155624262
-0.148855351208045
0.000000000000000
0.000000000000000
-1.005786155535015
-1.005786155535015
-0.649854524496740
-0.572631212419913
-0.571709113176739
-1.005786155640199
-1.005786155625600
-1.005786155584498
-0.172060224996271
