0.201550569728772
0.201550569728772
0.201550569728772
0.201550569728772
0.201550569728772
0.201550569728772
0.201550569728772
0.201550569728772
0.201550569728772
0.201550569728772
0.201550569728772
0.201550569728772
0.201550569728772
0.201550569728772
-0.015183216340186
-0.015183216340186
-0.015183216340186
-0.015183216340186
-0.015183216340186
-0.015183216340186
-0.015183216340186
-0.015183216340186
-0.015183216340186
-0.015183216340186
-0.015183216340186
-0.015183216340186
-0.015183216340186
-0.015183216340186
-0.160492110470088
-0.160492110470088
-0.160492110470088
-0.160492110470088
-0.160492110470088
-0.160492110470088
-0.160492110470088
-0.160492110470088
-0.160492110470088
-0.160492110470088
-0.160492110470088
-0.160492110470088
-0.160492110470088
-0.160492110470088
-0.014940232149145
-0.014940232149145
-0.014940232149145
-0.014940232149145
-0.014940232149145
-0.014940232149145
-0.014940232149145
-0.014940232149145
-0.014940232149145
-0.014940232149145
-0.014940232149145
-0.014940232149145
-0.014940232149145
-0.014940232149145
0.148282813745859
0.148282813745859
0.148282813745859
0.148282813745859
0.148282813745859
0.148282813745859
0.148282813745859
0.148282813745859
0.148282813745859
0.148282813745859
0.148282813745859
0.148282813745859
0.148282813745859
0.148282813745859
0.201550568748976
0.201550568748976
0.201550568748976
0.201550568748976
0.201550568748976
0.201550568748976
0.201550568748976
0.201550568748976
0.201550568748976
0.201550568748976
0.201550568748976
0.201550568748976
0.201550568748976
0.201550568748976
0.201550568721256
0.201550568721256
0.201550568721256
0.201550568721256
0.201550568721256
0.201550568721256
0.201550568721256
0.201550568721256
0.201550568721256
0.201550568721256
0.201550568721256
0.201550568721256
0.201550568721256
0.201550568721256
0.201550568738184
0.201550568738184
0.201550568738184
0.201550568738184
0.201550568738184
0.201550568738184
0.201550568738184
0.201550568738184
0.201550568738184
0.201550568738184
0.201550568738184
0.201550568738184
0.201550568738184
0.201550568738184
0.201550568542925
0.201550568542925
0.201550568542925
0.201550568542925
0.201550568542925
0.201550568542925
0.201550568542925
0.201550568542925
0.201550568542925
0.201550568542925
0.201550568542925
0.201550568542925
0.201550568542925
0.201550568542925
0.201550568417185
0.201550568417185
0.201550568417185
0.201550568417185
0.201550568417185
0.201550568417185
0.201550568417185
0.201550568417185
0.201550568417185
0.201550568417185
0.201550568417185
0.201550568417185
0.201550568417185
0.201550568417185
-0.201550569606858
-0.201550569606858
-0.201550569606858
-0.201550569606858
-0.201550569606858
-0.201550569606858
-0.201550569606858
-0.201550569606858
-0.201550569606858
-0.201550569606858
-0.201550569606858
-0.201550569606858
-0.201550569606858
-0.201550569606858
-0.089679330288664
-0.089679330288664
-0.089679330288664
-0.089679330288664
-0.089679330288664
-0.089679330288664
-0.089679330288664
-0.089679330288664
-0.089679330288664
-0.089679330288664
-0.089679330288664
-0.089679330288664
-0.089679330288664
-0.089679330288664
0.201550569792337
0.201550569792337
0.201550569792337
0.201550569792337
0.201550569792337
0.201550569792337
0.201550569792337
0.201550569792337
0.201550569792337
0.201550569792337
0.201550569792337
0.201550569792337
0.201550569792337
0.201550569792337
-0.086205486437303
-0.086205486437303
-0.086205486437303
-0.086205486437303
-0.086205486437303
-0.086205486437303
-0.086205486437303
-0.086205486437303
-0.086205486437303
-0.086205486437303
-0.086205486437303
-0.086205486437303
-0.086205486437303
-0.086205486437303
-0.201550569800489
-0.201550569800489
-0.201550569800489
-0.201550569800489
-0.201550569800489
-0.201550569800489
-0.201550569800489
-0.201550569800489
-0.201550569800489
-0.201550569800489
-0.201550569800489
-0.201550569800489
-0.201550569800489
-0.201550569800489
-0.201550569718610
-0.201550569718610
-0.201550569718610
-0.201550569718610
-0.201550569718610
-0.201550569718610
-0.201550569718610
-0.201550569718610
-0.201550569718610
-0.201550569718610
-0.201550569718610
-0.201550569718610
-0.201550569718610
-0.201550569718610
-0.201550568955288
-0.201550568955288
-0.201550568955288
-0.201550568955288
-0.201550568955288
-0.201550568955288
-0.201550568955288
-0.201550568955288
-0.201550568955288
-0.201550568955288
-0.201550568955288
-0.201550568955288
-0.201550568955288
-0.201550568955288
-0.201550567894445
-0.201550567894445
-0.201550567894445
-0.201550567894445
-0.201550567894445
-0.201550567894445
-0.201550567894445
-0.201550567894445
-0.201550567894445
-0.201550567894445
-0.201550567894445
-0.201550567894445
-0.201550567894445
-0.201550567894445
0.201550545215785
0.201550545215785
0.201550545215785
0.201550545215785
0.201550545215785
0.201550545215785
0.201550545215785
0.201550545215785
0.201550545215785
0.201550545215785
0.201550545215785
0.201550545215785
0.201550545215785
0.201550545215785
0.201550564255440
0.201550564255440
0.201550564255440
0.201550564255440
0.201550564255440
0.201550564255440
0.201550564255440
0.201550564255440
0.201550564255440
0.201550564255440
0.201550564255440
0.201550564255440
0.201550564255440
0.201550564255440
-0.008886765778865
-0.008886765778865
-0.008886765778865
-0.008886765778865
-0.008886765778865
-0.008886765778865
-0.008886765778865
-0.008886765778865
-0.008886765778865
-0.008886765778865
-0.008886765778865
-0.008886765778865
-0.008886765778865
-0.008886765778865
0.129433668587543
0.129433668587543
0.129433668587543
0.129433668587543
0.129433668587543
0.129433668587543
0.129433668587543
0.129433668587543
0.129433668587543
0.129433668587543
0.129433668587543
0.129433668587543
0.129433668587543
0.129433668587543
0.066115875402036
0.066115875402036
0.066115875402036
0.066115875402036
0.066115875402036
0.066115875402036
0.066115875402036
0.066115875402036
0.066115875402036
0.066115875402036
0.066115875402036
0.066115875402036
0.066115875402036
0.066115875402036
0.101989626783398
0.101989626783398
0.101989626783398
0.101989626783398
0.101989626783398
0.101989626783398
0.101989626783398
0.101989626783398
0.101989626783398
0.101989626783398
0.101989626783398
0.101989626783398
0.101989626783398
0.101989626783398
0.075600497664743
0.075600497664743
0.075600497664743
0.075600497664743
0.075600497664743
0.075600497664743
0.075600497664743
0.075600497664743
0.075600497664743
0.075600497664743
0.075600497664743
0.075600497664743
0.075600497664743
0.075600497664743
-0.023279440862654
-0.023279440862654
-0.023279440862654
-0.023279440862654
-0.023279440862654
-0.023279440862654
-0.023279440862654
-0.023279440862654
-0.023279440862654
-0.023279440862654
-0.023279440862654
-0.023279440862654
-0.023279440862654
-0.023279440862654
0.129433668197731
0.129433668197731
0.129433668197731
0.129433668197731
0.129433668197731
0.129433668197731
0.129433668197731
0.129433668197731
0.129433668197731
0.129433668197731
0.129433668197731
0.129433668197731
0.129433668197731
0.129433668197731
0.129433668196708
0.129433668196708
0.129433668196708
0.129433668196708
0.129433668196708
0.129433668196708
0.129433668196708
0.129433668196708
0.129433668196708
0.129433668196708
0.129433668196708
0.129433668196708
0.129433668196708
0.129433668196708
0.129433668133902
0.129433668133902
0.129433668133902
0.129433668133902
0.129433668133902
0.129433668133902
0.129433668133902
0.129433668133902
0.129433668133902
0.129433668133902
0.129433668133902
0.129433668133902
0.129433668133902
0.129433668133902
0.129433668134440
0.129433668134440
0.129433668134440
0.129433668134440
0.129433668134440
0.129433668134440
0.129433668134440
0.129433668134440
0.129433668134440
0.129433668134440
0.129433668134440
0.129433668134440
0.129433668134440
0.129433668134440
0.129433668100861
0.129433668100861
0.129433668100861
0.129433668100861
0.129433668100861
0.129433668100861
0.129433668100861
0.129433668100861
0.129433668100861
0.129433668100861
0.129433668100861
0.129433668100861
0.129433668100861
0.129433668100861
0.129433668611302
0.129433668611302
0.129433668611302
0.129433668611302
0.129433668611302
0.129433668611302
0.129433668611302
0.129433668611302
0.129433668611302
0.129433668611302
0.129433668611302
0.129433668611302
0.129433668611302
0.129433668611302
0.129433668597873
0.129433668597873
0.129433668597873
0.129433668597873
0.129433668597873
0.129433668597873
0.129433668597873
0.129433668597873
0.129433668597873
0.129433668597873
0.129433668597873
0.129433668597873
0.129433668597873
0.129433668597873
0.065353565675965
0.065353565675965
0.065353565675965
0.065353565675965
0.065353565675965
0.065353565675965
0.065353565675965
0.065353565675965
0.065353565675965
0.065353565675965
0.065353565675965
0.065353565675965
0.065353565675965
0.065353565675965
0.125642588077284
0.125642588077284
0.125642588077284
0.125642588077284
0.125642588077284
0.125642588077284
0.125642588077284
0.125642588077284
0.125642588077284
0.125642588077284
0.125642588077284
0.125642588077284
0.125642588077284
0.125642588077284
0.129433668376329
0.129433668376329
0.129433668376329
0.129433668376329
0.129433668376329
0.129433668376329
0.129433668376329
0.129433668376329
0.129433668376329
0.129433668376329
0.129433668376329
0.129433668376329
0.129433668376329
0.129433668376329
0.129433668371875
0.129433668371875
0.129433668371875
0.129433668371875
0.129433668371875
0.129433668371875
0.129433668371875
0.129433668371875
0.129433668371875
0.129433668371875
0.129433668371875
0.129433668371875
0.129433668371875
0.129433668371875
0.129433668318632
0.129433668318632
0.129433668318632
0.129433668318632
0.129433668318632
0.129433668318632
0.129433668318632
0.129433668318632
0.129433668318632
0.129433668318632
0.129433668318632
0.129433668318632
0.129433668318632
0.129433668318632
0.129433668256783
0.129433668256783
0.129433668256783
0.129433668256783
0.129433668256783
0.129433668256783
0.129433668256783
0.129433668256783
0.129433668256783
0.129433668256783
0.129433668256783
0.129433668256783
0.129433668256783
0.129433668256783
0.129433668203456
0.129433668203456
0.129433668203456
0.129433668203456
0.129433668203456
0.129433668203456
0.129433668203456
0.129433668203456
0.129433668203456
0.129433668203456
0.129433668203456
0.129433668203456
0.129433668203456
0.129433668203456
0.129433668159795
0.129433668159795
0.129433668159795
0.129433668159795
0.129433668159795
0.129433668159795
0.129433668159795
0.129433668159795
0.129433668159795
0.129433668159795
0.129433668159795
0.129433668159795
0.129433668159795
0.129433668159795
0.026601616246666
0.026601616246666
0.026601616246666
0.026601616246666
0.026601616246666
0.026601616246666
0.026601616246666
0.026601616246666
0.026601616246666
0.026601616246666
0.026601616246666
0.026601616246666
0.026601616246666
0.026601616246666
-0.611464280428829
-0.611464280428829
-0.611464280428829
-0.611464280428829
-0.611464280428829
-0.611464280428829
-0.611464280428829
-0.611464280428829
-0.611464280428829
-0.611464280428829
-0.611464280428829
-0.611464280428829
-0.611464280428829
-0.611464280428829
0.122333867708884
0.122333867708884
0.122333867708884
0.122333867708884
0.122333867708884
0.122333867708884
0.122333867708884
0.122333867708884
0.122333867708884
0.122333867708884
0.122333867708884
0.122333867708884
0.122333867708884
0.122333867708884
-0.115815181098021
-0.115815181098021
-0.115815181098021
-0.115815181098021
-0.115815181098021
-0.115815181098021
-0.115815181098021
-0.115815181098021
-0.115815181098021
-0.115815181098021
-0.115815181098021
-0.115815181098021
-0.115815181098021
-0.115815181098021
-0.392241624320963
-0.392241624320963
-0.392241624320963
-0.392241624320963
-0.392241624320963
-0.392241624320963
-0.392241624320963
-0.392241624320963
-0.392241624320963
-0.392241624320963
-0.392241624320963
-0.392241624320963
-0.392241624320963
-0.392241624320963
0.611464280422178
0.611464280422178
0.611464280422178
0.611464280422178
0.611464280422178
0.611464280422178
0.611464280422178
0.611464280422178
0.611464280422178
0.611464280422178
0.611464280422178
0.611464280422178
0.611464280422178
0.611464280422178
0.611464280344128
0.611464280344128
0.611464280344128
0.611464280344128
0.611464280344128
0.611464280344128
0.611464280344128
0.611464280344128
0.611464280344128
0.611464280344128
0.611464280344128
0.611464280344128
0.611464280344128
0.611464280344128
0.611464280243764
0.611464280243764
0.611464280243764
0.611464280243764
0.611464280243764
0.611464280243764
0.611464280243764
0.611464280243764
0.611464280243764
0.611464280243764
0.611464280243764
0.611464280243764
0.611464280243764
0.611464280243764
0.611464280166975
0.611464280166975
0.611464280166975
0.611464280166975
0.611464280166975
0.611464280166975
0.611464280166975
0.611464280166975
0.611464280166975
0.611464280166975
0.611464280166975
0.611464280166975
0.611464280166975
0.611464280166975
0.611464273524299
0.611464273524299
0.611464273524299
0.611464273524299
0.611464273524299
0.611464273524299
0.611464273524299
0.611464273524299
0.611464273524299
0.611464273524299
0.611464273524299
0.611464273524299
0.611464273524299
0.611464273524299
-0.084397205716186
-0.084397205716186
-0.084397205716186
-0.084397205716186
-0.084397205716186
-0.084397205716186
-0.084397205716186
-0.084397205716186
-0.084397205716186
-0.084397205716186
-0.084397205716186
-0.084397205716186
-0.084397205716186
-0.084397205716186
-0.611464280424842
-0.611464280424842
-0.611464280424842
-0.611464280424842
-0.611464280424842
-0.611464280424842
-0.611464280424842
-0.611464280424842
-0.611464280424842
-0.611464280424842
-0.611464280424842
-0.611464280424842
-0.611464280424842
-0.611464280424842
0.118675641545862
0.118675641545862
0.118675641545862
0.118675641545862
0.118675641545862
0.118675641545862
0.118675641545862
0.118675641545862
0.118675641545862
0.118675641545862
0.118675641545862
0.118675641545862
0.118675641545862
0.118675641545862
-0.032623002962990
-0.032623002962990
-0.032623002962990
-0.032623002962990
-0.032623002962990
-0.032623002962990
-0.032623002962990
-0.032623002962990
-0.032623002962990
-0.032623002962990
-0.032623002962990
-0.032623002962990
-0.032623002962990
-0.032623002962990
-0.611464280420985
-0.611464280420985
-0.611464280420985
-0.611464280420985
-0.611464280420985
-0.611464280420985
-0.611464280420985
-0.611464280420985
-0.611464280420985
-0.611464280420985
-0.611464280420985
-0.611464280420985
-0.611464280420985
-0.611464280420985
0.611464280408364
0.611464280408364
0.611464280408364
0.611464280408364
0.611464280408364
0.611464280408364
0.611464280408364
0.611464280408364
0.611464280408364
0.611464280408364
0.611464280408364
0.611464280408364
0.611464280408364
0.611464280408364
0.611464280308741
0.611464280308741
0.611464280308741
0.611464280308741
0.611464280308741
0.611464280308741
0.611464280308741
0.611464280308741
0.611464280308741
0.611464280308741
0.611464280308741
0.611464280308741
0.611464280308741
0.611464280308741
0.611464280202921
0.611464280202921
0.611464280202921
0.611464280202921
0.611464280202921
0.611464280202921
0.611464280202921
0.611464280202921
0.611464280202921
0.611464280202921
0.611464280202921
0.611464280202921
0.611464280202921
0.611464280202921
0.611464280120417
0.611464280120417
0.611464280120417
0.611464280120417
0.611464280120417
0.611464280120417
0.611464280120417
0.611464280120417
0.611464280120417
0.611464280120417
0.611464280120417
0.611464280120417
0.611464280120417
0.611464280120417
-0.611464277597220
-0.611464277597220
-0.611464277597220
-0.611464277597220
-0.611464277597220
-0.611464277597220
-0.611464277597220
-0.611464277597220
-0.611464277597220
-0.611464277597220
-0.611464277597220
-0.611464277597220
-0.611464277597220
-0.611464277597220
-0.611464277896960
-0.611464277896960
-0.611464277896960
-0.611464277896960
-0.611464277896960
-0.611464277896960
-0.611464277896960
-0.611464277896960
-0.611464277896960
-0.611464277896960
-0.611464277896960
-0.611464277896960
-0.611464277896960
-0.611464277896960
-0.036390821556645
-0.036390821556645
-0.036390821556645
-0.036390821556645
-0.036390821556645
-0.036390821556645
-0.036390821556645
-0.036390821556645
-0.036390821556645
-0.036390821556645
-0.036390821556645
-0.036390821556645
-0.036390821556645
-0.036390821556645
-0.016106998892806
-0.016106998892806
-0.016106998892806
-0.016106998892806
-0.016106998892806
-0.016106998892806
-0.016106998892806
-0.016106998892806
-0.016106998892806
-0.016106998892806
-0.016106998892806
-0.016106998892806
-0.016106998892806
-0.016106998892806
0.000878171445035
0.000878171445035
0.000878171445035
0.000878171445035
0.000878171445035
0.000878171445035
0.000878171445035
0.000878171445035
0.000878171445035
0.000878171445035
0.000878171445035
0.000878171445035
0.000878171445035
0.000878171445035
-0.014682187128609
-0.014682187128609
-0.014682187128609
-0.014682187128609
-0.014682187128609
-0.014682187128609
-0.014682187128609
-0.014682187128609
-0.014682187128609
-0.014682187128609
-0.014682187128609
-0.014682187128609
-0.014682187128609
-0.014682187128609
-0.000297487893296
-0.000297487893296
-0.000297487893296
-0.000297487893296
-0.000297487893296
-0.000297487893296
-0.000297487893296
-0.000297487893296
-0.000297487893296
-0.000297487893296
-0.000297487893296
-0.000297487893296
-0.000297487893296
-0.000297487893296
0.002971612927510
0.002971612927510
0.002971612927510
0.002971612927510
0.002971612927510
0.002971612927510
0.002971612927510
0.002971612927510
0.002971612927510
0.002971612927510
0.002971612927510
0.002971612927510
0.002971612927510
0.002971612927510
-0.016106998802256
-0.016106998802256
-0.016106998802256
-0.016106998802256
-0.016106998802256
-0.016106998802256
-0.016106998802256
-0.016106998802256
-0.016106998802256
-0.016106998802256
-0.016106998802256
-0.016106998802256
-0.016106998802256
-0.016106998802256
-0.016106998804776
-0.016106998804776
-0.016106998804776
-0.016106998804776
-0.016106998804776
-0.016106998804776
-0.016106998804776
-0.016106998804776
-0.016106998804776
-0.016106998804776
-0.016106998804776
-0.016106998804776
-0.016106998804776
-0.016106998804776
-0.016106998793565
-0.016106998793565
-0.016106998793565
-0.016106998793565
-0.016106998793565
-0.016106998793565
-0.016106998793565
-0.016106998793565
-0.016106998793565
-0.016106998793565
-0.016106998793565
-0.016106998793565
-0.016106998793565
-0.016106998793565
-0.016106998796878
-0.016106998796878
-0.016106998796878
-0.016106998796878
-0.016106998796878
-0.016106998796878
-0.016106998796878
-0.016106998796878
-0.016106998796878
-0.016106998796878
-0.016106998796878
-0.016106998796878
-0.016106998796878
-0.016106998796878
-0.016106998791099
-0.016106998791099
-0.016106998791099
-0.016106998791099
-0.016106998791099
-0.016106998791099
-0.016106998791099
-0.016106998791099
-0.016106998791099
-0.016106998791099
-0.016106998791099
-0.016106998791099
-0.016106998791099
-0.016106998791099
-0.016106998877580
-0.016106998877580
-0.016106998877580
-0.016106998877580
-0.016106998877580
-0.016106998877580
-0.016106998877580
-0.016106998877580
-0.016106998877580
-0.016106998877580
-0.016106998877580
-0.016106998877580
-0.016106998877580
-0.016106998877580
-0.016106998888070
-0.016106998888070
-0.016106998888070
-0.016106998888070
-0.016106998888070
-0.016106998888070
-0.016106998888070
-0.016106998888070
-0.016106998888070
-0.016106998888070
-0.016106998888070
-0.016106998888070
-0.016106998888070
-0.016106998888070
0.004918030354749
0.004918030354749
0.004918030354749
0.004918030354749
0.004918030354749
0.004918030354749
0.004918030354749
0.004918030354749
0.004918030354749
0.004918030354749
0.004918030354749
0.004918030354749
0.004918030354749
0.004918030354749
-0.015616068531992
-0.015616068531992
-0.015616068531992
-0.015616068531992
-0.015616068531992
-0.015616068531992
-0.015616068531992
-0.015616068531992
-0.015616068531992
-0.015616068531992
-0.015616068531992
-0.015616068531992
-0.015616068531992
-0.015616068531992
-0.016106998779146
-0.016106998779146
-0.016106998779146
-0.016106998779146
-0.016106998779146
-0.016106998779146
-0.016106998779146
-0.016106998779146
-0.016106998779146
-0.016106998779146
-0.016106998779146
-0.016106998779146
-0.016106998779146
-0.016106998779146
-0.016106998836780
-0.016106998836780
-0.016106998836780
-0.016106998836780
-0.016106998836780
-0.016106998836780
-0.016106998836780
-0.016106998836780
-0.016106998836780
-0.016106998836780
-0.016106998836780
-0.016106998836780
-0.016106998836780
-0.016106998836780
-0.016106998827103
-0.016106998827103
-0.016106998827103
-0.016106998827103
-0.016106998827103
-0.016106998827103
-0.016106998827103
-0.016106998827103
-0.016106998827103
-0.016106998827103
-0.016106998827103
-0.016106998827103
-0.016106998827103
-0.016106998827103
-0.016106998815672
-0.016106998815672
-0.016106998815672
-0.016106998815672
-0.016106998815672
-0.016106998815672
-0.016106998815672
-0.016106998815672
-0.016106998815672
-0.016106998815672
-0.016106998815672
-0.016106998815672
-0.016106998815672
-0.016106998815672
-0.016106998808039
-0.016106998808039
-0.016106998808039
-0.016106998808039
-0.016106998808039
-0.016106998808039
-0.016106998808039
-0.016106998808039
-0.016106998808039
-0.016106998808039
-0.016106998808039
-0.016106998808039
-0.016106998808039
-0.016106998808039
-0.016106998800871
-0.016106998800871
-0.016106998800871
-0.016106998800871
-0.016106998800871
-0.016106998800871
-0.016106998800871
-0.016106998800871
-0.016106998800871
-0.016106998800871
-0.016106998800871
-0.016106998800871
-0.016106998800871
-0.016106998800871
-0.004168229385652
-0.004168229385652
-0.004168229385652
-0.004168229385652
-0.004168229385652
-0.004168229385652
-0.004168229385652
-0.004168229385652
-0.004168229385652
-0.004168229385652
-0.004168229385652
-0.004168229385652
-0.004168229385652
-0.004168229385652
-0.040893582881337
-0.040893582881337
-0.040893582881337
-0.040893582881337
-0.040893582881337
-0.040893582881337
-0.040893582881337
-0.040893582881337
-0.040893582881337
-0.040893582881337
-0.040893582881337
-0.040893582881337
-0.040893582881337
-0.040893582881337
0.023010762538237
0.023010762538237
0.023010762538237
0.023010762538237
0.023010762538237
0.023010762538237
0.023010762538237
0.023010762538237
0.023010762538237
0.023010762538237
0.023010762538237
0.023010762538237
0.023010762538237
0.023010762538237
-0.040893582897134
-0.040893582897134
-0.040893582897134
-0.040893582897134
-0.040893582897134
-0.040893582897134
-0.040893582897134
-0.040893582897134
-0.040893582897134
-0.040893582897134
-0.040893582897134
-0.040893582897134
-0.040893582897134
-0.040893582897134
0.023818139152702
0.023818139152702
0.023818139152702
0.023818139152702
0.023818139152702
0.023818139152702
0.023818139152702
0.023818139152702
0.023818139152702
0.023818139152702
0.023818139152702
0.023818139152702
0.023818139152702
0.023818139152702
-0.040893582812510
-0.040893582812510
-0.040893582812510
-0.040893582812510
-0.040893582812510
-0.040893582812510
-0.040893582812510
-0.040893582812510
-0.040893582812510
-0.040893582812510
-0.040893582812510
-0.040893582812510
-0.040893582812510
-0.040893582812510
-0.040893582818250
-0.040893582818250
-0.040893582818250
-0.040893582818250
-0.040893582818250
-0.040893582818250
-0.040893582818250
-0.040893582818250
-0.040893582818250
-0.040893582818250
-0.040893582818250
-0.040893582818250
-0.040893582818250
-0.040893582818250
-0.040893582800308
-0.040893582800308
-0.040893582800308
-0.040893582800308
-0.040893582800308
-0.040893582800308
-0.040893582800308
-0.040893582800308
-0.040893582800308
-0.040893582800308
-0.040893582800308
-0.040893582800308
-0.040893582800308
-0.040893582800308
-0.040893582784299
-0.040893582784299
-0.040893582784299
-0.040893582784299
-0.040893582784299
-0.040893582784299
-0.040893582784299
-0.040893582784299
-0.040893582784299
-0.040893582784299
-0.040893582784299
-0.040893582784299
-0.040893582784299
-0.040893582784299
-0.040893582753149
-0.040893582753149
-0.040893582753149
-0.040893582753149
-0.040893582753149
-0.040893582753149
-0.040893582753149
-0.040893582753149
-0.040893582753149
-0.040893582753149
-0.040893582753149
-0.040893582753149
-0.040893582753149
-0.040893582753149
-0.040893582737637
-0.040893582737637
-0.040893582737637
-0.040893582737637
-0.040893582737637
-0.040893582737637
-0.040893582737637
-0.040893582737637
-0.040893582737637
-0.040893582737637
-0.040893582737637
-0.040893582737637
-0.040893582737637
-0.040893582737637
-0.014725451664223
-0.014725451664223
-0.014725451664223
-0.014725451664223
-0.014725451664223
-0.014725451664223
-0.014725451664223
-0.014725451664223
-0.014725451664223
-0.014725451664223
-0.014725451664223
-0.014725451664223
-0.014725451664223
-0.014725451664223
0.013781246207730
0.013781246207730
0.013781246207730
0.013781246207730
0.013781246207730
0.013781246207730
0.013781246207730
0.013781246207730
0.013781246207730
0.013781246207730
0.013781246207730
0.013781246207730
0.013781246207730
0.013781246207730
-0.040893582898403
-0.040893582898403
-0.040893582898403
-0.040893582898403
-0.040893582898403
-0.040893582898403
-0.040893582898403
-0.040893582898403
-0.040893582898403
-0.040893582898403
-0.040893582898403
-0.040893582898403
-0.040893582898403
-0.040893582898403
0.008774112711653
0.008774112711653
0.008774112711653
0.008774112711653
0.008774112711653
0.008774112711653
0.008774112711653
0.008774112711653
0.008774112711653
0.008774112711653
0.008774112711653
0.008774112711653
0.008774112711653
0.008774112711653
0.040893582862497
0.040893582862497
0.040893582862497
0.040893582862497
0.040893582862497
0.040893582862497
0.040893582862497
0.040893582862497
0.040893582862497
0.040893582862497
0.040893582862497
0.040893582862497
0.040893582862497
0.040893582862497
-0.023701410417024
-0.023701410417024
-0.023701410417024
-0.023701410417024
-0.023701410417024
-0.023701410417024
-0.023701410417024
-0.023701410417024
-0.023701410417024
-0.023701410417024
-0.023701410417024
-0.023701410417024
-0.023701410417024
-0.023701410417024
-0.040893582674357
-0.040893582674357
-0.040893582674357
-0.040893582674357
-0.040893582674357
-0.040893582674357
-0.040893582674357
-0.040893582674357
-0.040893582674357
-0.040893582674357
-0.040893582674357
-0.040893582674357
-0.040893582674357
-0.040893582674357
-0.040893582664546
-0.040893582664546
-0.040893582664546
-0.040893582664546
-0.040893582664546
-0.040893582664546
-0.040893582664546
-0.040893582664546
-0.040893582664546
-0.040893582664546
-0.040893582664546
-0.040893582664546
-0.040893582664546
-0.040893582664546
-0.040893582682574
-0.040893582682574
-0.040893582682574
-0.040893582682574
-0.040893582682574
-0.040893582682574
-0.040893582682574
-0.040893582682574
-0.040893582682574
-0.040893582682574
-0.040893582682574
-0.040893582682574
-0.040893582682574
-0.040893582682574
-0.040893582677182
-0.040893582677182
-0.040893582677182
-0.040893582677182
-0.040893582677182
-0.040893582677182
-0.040893582677182
-0.040893582677182
-0.040893582677182
-0.040893582677182
-0.040893582677182
-0.040893582677182
-0.040893582677182
-0.040893582677182
-0.003333650784913
-0.003333650784913
-0.003333650784913
-0.003333650784913
-0.003333650784913
-0.003333650784913
-0.003333650784913
-0.003333650784913
-0.003333650784913
-0.003333650784913
-0.003333650784913
-0.003333650784913
-0.003333650784913
-0.003333650784913
-0.037289792069233
-0.037289792069233
-0.037289792069233
-0.037289792069233
-0.037289792069233
-0.037289792069233
-0.037289792069233
-0.037289792069233
-0.037289792069233
-0.037289792069233
-0.037289792069233
-0.037289792069233
-0.037289792069233
-0.037289792069233
-0.012705700426434
-0.012705700426434
-0.012705700426434
-0.012705700426434
-0.012705700426434
-0.012705700426434
-0.012705700426434
-0.012705700426434
-0.012705700426434
-0.012705700426434
-0.012705700426434
-0.012705700426434
-0.012705700426434
-0.012705700426434
0.023250352693297
0.023250352693297
0.023250352693297
0.023250352693297
0.023250352693297
0.023250352693297
0.023250352693297
0.023250352693297
0.023250352693297
0.023250352693297
0.023250352693297
0.023250352693297
0.023250352693297
0.023250352693297
-0.012749740934785
-0.012749740934785
-0.012749740934785
-0.012749740934785
-0.012749740934785
-0.012749740934785
-0.012749740934785
-0.012749740934785
-0.012749740934785
-0.012749740934785
-0.012749740934785
-0.012749740934785
-0.012749740934785
-0.012749740934785
-0.027481840063333
-0.027481840063333
-0.027481840063333
-0.027481840063333
-0.027481840063333
-0.027481840063333
-0.027481840063333
-0.027481840063333
-0.027481840063333
-0.027481840063333
-0.027481840063333
-0.027481840063333
-0.027481840063333
-0.027481840063333
-0.037289791967291
-0.037289791967291
-0.037289791967291
-0.037289791967291
-0.037289791967291
-0.037289791967291
-0.037289791967291
-0.037289791967291
-0.037289791967291
-0.037289791967291
-0.037289791967291
-0.037289791967291
-0.037289791967291
-0.037289791967291
-0.037289791958890
-0.037289791958890
-0.037289791958890
-0.037289791958890
-0.037289791958890
-0.037289791958890
-0.037289791958890
-0.037289791958890
-0.037289791958890
-0.037289791958890
-0.037289791958890
-0.037289791958890
-0.037289791958890
-0.037289791958890
-0.037289791958181
-0.037289791958181
-0.037289791958181
-0.037289791958181
-0.037289791958181
-0.037289791958181
-0.037289791958181
-0.037289791958181
-0.037289791958181
-0.037289791958181
-0.037289791958181
-0.037289791958181
-0.037289791958181
-0.037289791958181
-0.037289791930875
-0.037289791930875
-0.037289791930875
-0.037289791930875
-0.037289791930875
-0.037289791930875
-0.037289791930875
-0.037289791930875
-0.037289791930875
-0.037289791930875
-0.037289791930875
-0.037289791930875
-0.037289791930875
-0.037289791930875
-0.037289791914771
-0.037289791914771
-0.037289791914771
-0.037289791914771
-0.037289791914771
-0.037289791914771
-0.037289791914771
-0.037289791914771
-0.037289791914771
-0.037289791914771
-0.037289791914771
-0.037289791914771
-0.037289791914771
-0.037289791914771
0.037289792043568
0.037289792043568
0.037289792043568
0.037289792043568
0.037289792043568
0.037289792043568
0.037289792043568
0.037289792043568
0.037289792043568
0.037289792043568
0.037289792043568
0.037289792043568
0.037289792043568
0.037289792043568
0.028127091512984
0.028127091512984
0.028127091512984
0.028127091512984
0.028127091512984
0.028127091512984
0.028127091512984
0.028127091512984
0.028127091512984
0.028127091512984
0.028127091512984
0.028127091512984
0.028127091512984
0.028127091512984
-0.037289792074068
-0.037289792074068
-0.037289792074068
-0.037289792074068
-0.037289792074068
-0.037289792074068
-0.037289792074068
-0.037289792074068
-0.037289792074068
-0.037289792074068
-0.037289792074068
-0.037289792074068
-0.037289792074068
-0.037289792074068
0.027489563557767
0.027489563557767
0.027489563557767
0.027489563557767
0.027489563557767
0.027489563557767
0.027489563557767
0.027489563557767
0.027489563557767
0.027489563557767
0.027489563557767
0.027489563557767
0.027489563557767
0.027489563557767
0.037289792069365
0.037289792069365
0.037289792069365
0.037289792069365
0.037289792069365
0.037289792069365
0.037289792069365
0.037289792069365
0.037289792069365
0.037289792069365
0.037289792069365
0.037289792069365
0.037289792069365
0.037289792069365
0.037289792056683
0.037289792056683
0.037289792056683
0.037289792056683
0.037289792056683
0.037289792056683
0.037289792056683
0.037289792056683
0.037289792056683
0.037289792056683
0.037289792056683
0.037289792056683
0.037289792056683
0.037289792056683
0.037289791989537
0.037289791989537
0.037289791989537
0.037289791989537
0.037289791989537
0.037289791989537
0.037289791989537
0.037289791989537
0.037289791989537
0.037289791989537
0.037289791989537
0.037289791989537
0.037289791989537
0.037289791989537
0.037289791768451
0.037289791768451
0.037289791768451
0.037289791768451
0.037289791768451
0.037289791768451
0.037289791768451
0.037289791768451
0.037289791768451
0.037289791768451
0.037289791768451
0.037289791768451
0.037289791768451
0.037289791768451
-0.037289789931553
-0.037289789931553
-0.037289789931553
-0.037289789931553
-0.037289789931553
-0.037289789931553
-0.037289789931553
-0.037289789931553
-0.037289789931553
-0.037289789931553
-0.037289789931553
-0.037289789931553
-0.037289789931553
-0.037289789931553
-0.037289791513963
-0.037289791513963
-0.037289791513963
-0.037289791513963
-0.037289791513963
-0.037289791513963
-0.037289791513963
-0.037289791513963
-0.037289791513963
-0.037289791513963
-0.037289791513963
-0.037289791513963
-0.037289791513963
-0.037289791513963
0.000557101171103
0.000557101171103
0.000557101171103
0.000557101171103
0.000557101171103
0.000557101171103
0.000557101171103
0.000557101171103
0.000557101171103
0.000557101171103
0.000557101171103
0.000557101171103
0.000557101171103
0.000557101171103
0.094696268324800
0.094696268324800
0.094696268324800
0.094696268324800
0.094696268324800
0.094696268324800
0.094696268324800
0.094696268324800
0.094696268324800
0.094696268324800
0.094696268324800
0.094696268324800
0.094696268324800
0.094696268324800
0.006798232917769
0.006798232917769
0.006798232917769
0.006798232917769
0.006798232917769
0.006798232917769
0.006798232917769
0.006798232917769
0.006798232917769
0.006798232917769
0.006798232917769
0.006798232917769
0.006798232917769
0.006798232917769
0.029236555495896
0.029236555495896
0.029236555495896
0.029236555495896
0.029236555495896
0.029236555495896
0.029236555495896
0.029236555495896
0.029236555495896
0.029236555495896
0.029236555495896
0.029236555495896
0.029236555495896
0.029236555495896
0.054526160488218
0.054526160488218
0.054526160488218
0.054526160488218
0.054526160488218
0.054526160488218
0.054526160488218
0.054526160488218
0.054526160488218
0.054526160488218
0.054526160488218
0.054526160488218
0.054526160488218
0.054526160488218
-0.094696268339907
-0.094696268339907
-0.094696268339907
-0.094696268339907
-0.094696268339907
-0.094696268339907
-0.094696268339907
-0.094696268339907
-0.094696268339907
-0.094696268339907
-0.094696268339907
-0.094696268339907
-0.094696268339907
-0.094696268339907
-0.094696268340310
-0.094696268340310
-0.094696268340310
-0.094696268340310
-0.094696268340310
-0.094696268340310
-0.094696268340310
-0.094696268340310
-0.094696268340310
-0.094696268340310
-0.094696268340310
-0.094696268340310
-0.094696268340310
-0.094696268340310
-0.094696268340672
-0.094696268340672
-0.094696268340672
-0.094696268340672
-0.094696268340672
-0.094696268340672
-0.094696268340672
-0.094696268340672
-0.094696268340672
-0.094696268340672
-0.094696268340672
-0.094696268340672
-0.094696268340672
-0.094696268340672
-0.094696268324716
-0.094696268324716
-0.094696268324716
-0.094696268324716
-0.094696268324716
-0.094696268324716
-0.094696268324716
-0.094696268324716
-0.094696268324716
-0.094696268324716
-0.094696268324716
-0.094696268324716
-0.094696268324716
-0.094696268324716
-0.094696268316607
-0.094696268316607
-0.094696268316607
-0.094696268316607
-0.094696268316607
-0.094696268316607
-0.094696268316607
-0.094696268316607
-0.094696268316607
-0.094696268316607
-0.094696268316607
-0.094696268316607
-0.094696268316607
-0.094696268316607
-0.094696268335228
-0.094696268335228
-0.094696268335228
-0.094696268335228
-0.094696268335228
-0.094696268335228
-0.094696268335228
-0.094696268335228
-0.094696268335228
-0.094696268335228
-0.094696268335228
-0.094696268335228
-0.094696268335228
-0.094696268335228
0.094696268348816
0.094696268348816
0.094696268348816
0.094696268348816
0.094696268348816
0.094696268348816
0.094696268348816
0.094696268348816
0.094696268348816
0.094696268348816
0.094696268348816
0.094696268348816
0.094696268348816
0.094696268348816
0.026175912806955
0.026175912806955
0.026175912806955
0.026175912806955
0.026175912806955
0.026175912806955
0.026175912806955
0.026175912806955
0.026175912806955
0.026175912806955
0.026175912806955
0.026175912806955
0.026175912806955
0.026175912806955
0.007546172364299
0.007546172364299
0.007546172364299
0.007546172364299
0.007546172364299
0.007546172364299
0.007546172364299
0.007546172364299
0.007546172364299
0.007546172364299
0.007546172364299
0.007546172364299
0.007546172364299
0.007546172364299
0.093347471930200
0.093347471930200
0.093347471930200
0.093347471930200
0.093347471930200
0.093347471930200
0.093347471930200
0.093347471930200
0.093347471930200
0.093347471930200
0.093347471930200
0.093347471930200
0.093347471930200
0.093347471930200
-0.094696268350793
-0.094696268350793
-0.094696268350793
-0.094696268350793
-0.094696268350793
-0.094696268350793
-0.094696268350793
-0.094696268350793
-0.094696268350793
-0.094696268350793
-0.094696268350793
-0.094696268350793
-0.094696268350793
-0.094696268350793
-0.094696268346432
-0.094696268346432
-0.094696268346432
-0.094696268346432
-0.094696268346432
-0.094696268346432
-0.094696268346432
-0.094696268346432
-0.094696268346432
-0.094696268346432
-0.094696268346432
-0.094696268346432
-0.094696268346432
-0.094696268346432
-0.094696268339552
-0.094696268339552
-0.094696268339552
-0.094696268339552
-0.094696268339552
-0.094696268339552
-0.094696268339552
-0.094696268339552
-0.094696268339552
-0.094696268339552
-0.094696268339552
-0.094696268339552
-0.094696268339552
-0.094696268339552
-0.094696268325390
-0.094696268325390
-0.094696268325390
-0.094696268325390
-0.094696268325390
-0.094696268325390
-0.094696268325390
-0.094696268325390
-0.094696268325390
-0.094696268325390
-0.094696268325390
-0.094696268325390
-0.094696268325390
-0.094696268325390
-0.094696268332683
-0.094696268332683
-0.094696268332683
-0.094696268332683
-0.094696268332683
-0.094696268332683
-0.094696268332683
-0.094696268332683
-0.094696268332683
-0.094696268332683
-0.094696268332683
-0.094696268332683
-0.094696268332683
-0.094696268332683
-0.094696268346064
-0.094696268346064
-0.094696268346064
-0.094696268346064
-0.094696268346064
-0.094696268346064
-0.094696268346064
-0.094696268346064
-0.094696268346064
-0.094696268346064
-0.094696268346064
-0.094696268346064
-0.094696268346064
-0.094696268346064
0.008766493614216
0.008766493614216
0.008766493614216
0.008766493614216
0.008766493614216
0.008766493614216
0.008766493614216
0.008766493614216
0.008766493614216
0.008766493614216
0.008766493614216
0.008766493614216
0.008766493614216
0.008766493614216
-0.010832798575809
-0.010832798575809
-0.010832798575809
-0.010832798575809
-0.010832798575809
-0.010832798575809
-0.010832798575809
-0.010832798575809
-0.010832798575809
-0.010832798575809
-0.010832798575809
-0.010832798575809
-0.010832798575809
-0.010832798575809
-0.007344867728328
-0.007344867728328
-0.007344867728328
-0.007344867728328
-0.007344867728328
-0.007344867728328
-0.007344867728328
-0.007344867728328
-0.007344867728328
-0.007344867728328
-0.007344867728328
-0.007344867728328
-0.007344867728328
-0.007344867728328
-0.000409551396254
-0.000409551396254
-0.000409551396254
-0.000409551396254
-0.000409551396254
-0.000409551396254
-0.000409551396254
-0.000409551396254
-0.000409551396254
-0.000409551396254
-0.000409551396254
-0.000409551396254
-0.000409551396254
-0.000409551396254
0.004768423312170
0.004768423312170
0.004768423312170
0.004768423312170
0.004768423312170
0.004768423312170
0.004768423312170
0.004768423312170
0.004768423312170
0.004768423312170
0.004768423312170
0.004768423312170
0.004768423312170
0.004768423312170
0.010832798573473
0.010832798573473
0.010832798573473
0.010832798573473
0.010832798573473
0.010832798573473
0.010832798573473
0.010832798573473
0.010832798573473
0.010832798573473
0.010832798573473
0.010832798573473
0.010832798573473
0.010832798573473
0.010832798517449
0.010832798517449
0.010832798517449
0.010832798517449
0.010832798517449
0.010832798517449
0.010832798517449
0.010832798517449
0.010832798517449
0.010832798517449
0.010832798517449
0.010832798517449
0.010832798517449
0.010832798517449
0.010832798438699
0.010832798438699
0.010832798438699
0.010832798438699
0.010832798438699
0.010832798438699
0.010832798438699
0.010832798438699
0.010832798438699
0.010832798438699
0.010832798438699
0.010832798438699
0.010832798438699
0.010832798438699
0.010832798436319
0.010832798436319
0.010832798436319
0.010832798436319
0.010832798436319
0.010832798436319
0.010832798436319
0.010832798436319
0.010832798436319
0.010832798436319
0.010832798436319
0.010832798436319
0.010832798436319
0.010832798436319
0.010832795513626
0.010832795513626
0.010832795513626
0.010832795513626
0.010832795513626
0.010832795513626
0.010832795513626
0.010832795513626
0.010832795513626
0.010832795513626
0.010832795513626
0.010832795513626
0.010832795513626
0.010832795513626
0.010832797098379
0.010832797098379
0.010832797098379
0.010832797098379
0.010832797098379
0.010832797098379
0.010832797098379
0.010832797098379
0.010832797098379
0.010832797098379
0.010832797098379
0.010832797098379
0.010832797098379
0.010832797098379
0.001782477911833
0.001782477911833
0.001782477911833
0.001782477911833
0.001782477911833
0.001782477911833
0.001782477911833
0.001782477911833
0.001782477911833
0.001782477911833
0.001782477911833
0.001782477911833
0.001782477911833
0.001782477911833
0.010832798580935
0.010832798580935
0.010832798580935
0.010832798580935
0.010832798580935
0.010832798580935
0.010832798580935
0.010832798580935
0.010832798580935
0.010832798580935
0.010832798580935
0.010832798580935
0.010832798580935
0.010832798580935
-0.001500520555010
-0.001500520555010
-0.001500520555010
-0.001500520555010
-0.001500520555010
-0.001500520555010
-0.001500520555010
-0.001500520555010
-0.001500520555010
-0.001500520555010
-0.001500520555010
-0.001500520555010
-0.001500520555010
-0.001500520555010
-0.010832798580966
-0.010832798580966
-0.010832798580966
-0.010832798580966
-0.010832798580966
-0.010832798580966
-0.010832798580966
-0.010832798580966
-0.010832798580966
-0.010832798580966
-0.010832798580966
-0.010832798580966
-0.010832798580966
-0.010832798580966
-0.010832798566080
-0.010832798566080
-0.010832798566080
-0.010832798566080
-0.010832798566080
-0.010832798566080
-0.010832798566080
-0.010832798566080
-0.010832798566080
-0.010832798566080
-0.010832798566080
-0.010832798566080
-0.010832798566080
-0.010832798566080
0.007634018999557
0.007634018999557
0.007634018999557
0.007634018999557
0.007634018999557
0.007634018999557
0.007634018999557
0.007634018999557
0.007634018999557
0.007634018999557
0.007634018999557
0.007634018999557
0.007634018999557
0.007634018999557
-0.010832796205853
-0.010832796205853
-0.010832796205853
-0.010832796205853
-0.010832796205853
-0.010832796205853
-0.010832796205853
-0.010832796205853
-0.010832796205853
-0.010832796205853
-0.010832796205853
-0.010832796205853
-0.010832796205853
-0.010832796205853
0.010832798308057
0.010832798308057
0.010832798308057
0.010832798308057
0.010832798308057
0.010832798308057
0.010832798308057
0.010832798308057
0.010832798308057
0.010832798308057
0.010832798308057
0.010832798308057
0.010832798308057
0.010832798308057
-0.010832798106451
-0.010832798106451
-0.010832798106451
-0.010832798106451
-0.010832798106451
-0.010832798106451
-0.010832798106451
-0.010832798106451
-0.010832798106451
-0.010832798106451
-0.010832798106451
-0.010832798106451
-0.010832798106451
-0.010832798106451
-0.010832796265173
-0.010832796265173
-0.010832796265173
-0.010832796265173
-0.010832796265173
-0.010832796265173
-0.010832796265173
-0.010832796265173
-0.010832796265173
-0.010832796265173
-0.010832796265173
-0.010832796265173
-0.010832796265173
-0.010832796265173
-0.000230862451165
-0.000230862451165
-0.000230862451165
-0.000230862451165
-0.000230862451165
-0.000230862451165
-0.000230862451165
-0.000230862451165
-0.000230862451165
-0.000230862451165
-0.000230862451165
-0.000230862451165
-0.000230862451165
-0.000230862451165
