2.821707975686445
-0.212565032923855
-2.246889555373708
-0.209163252828662
2.075959367359068
2.821707971736366
2.821707971440202
2.821707971479381
2.821707970903270
2.821707970242065
-2.821707974803925
-1.255510637926633
2.821707976451146
-1.206876825294650
-2.821707975996064
-2.821707974889588
-2.821707973569068
-2.821707964377716
2.821707951545958
2.821707941324245
-0.124414722851709
1.812071361008410
0.925622255548911
1.427854775913606
1.058406966784361
-0.325912164519817
1.812071350901303
1.812071350168712
1.812071348013574
1.812071347624191
1.812071346416913
1.812071362064362
1.812071361138565
0.914949919537619
1.758996234157224
1.812071356795361
1.812071354814713
1.812071353300282
1.812071351690816
1.812071349769516
1.812071348387711
0.372422627583617
-8.560499928951655
1.712674151542980
-1.621412535401509
-5.491382736164641
8.560499928486818
8.560499921273964
8.560499913247360
8.560499908245150
8.560499138604929
-1.181560520884413
-8.560499928676682
1.661458982246581
-0.456722038667397
-8.560499925763267
8.560499927955924
8.560499918295431
8.560499909840624
8.560499904553087
-8.560499667900379
-8.560499656854974
-0.509471501313314
-0.225497985829108
0.012294400917490
-0.205550621221764
-0.004164828933641
0.041602566951733
-0.225497976482382
-0.225497978329002
-0.225497977239679
-0.225497979029459
-0.225497978463457
-0.225497985019005
-0.225497985991494
0.068852425945022
-0.218624962036450
-0.225497974768451
-0.225497981264431
-0.225497981002856
-0.225497979714076
-0.225497980133433
-0.225497979484475
-0.058355211512293
-0.572510160072108
0.322150674407456
-0.572510161151299
0.333453946766331
-0.572510156610601
-0.572510157538688
-0.572510156724837
-0.572510156020360
-0.572510154687733
-0.572510154028729
-0.206156321418363
0.192937445330997
-0.572510161151266
0.122837576916436
0.572510157852449
-0.331819757932945
-0.572510151086298
-0.572510151400745
-0.572510152116333
-0.572510151814339
-0.046671111242028
-0.522057088892265
-0.177879805671379
0.325504938381556
-0.178496372901030
-0.384745758851048
-0.522057088224265
-0.522057088151962
-0.522057088128649
-0.522057087890872
-0.522057087771638
0.522057088748330
0.393779282208594
-0.522057088976261
0.384853890947588
0.522057088916990
0.522057088740601
0.522057088166022
0.522057086936622
-0.522057083884125
-0.522057086108531
0.007799416542454
1.325747756399446
0.095175260895912
0.409311776963558
0.763366246869970
-1.325747756737810
-1.325747756796648
-1.325747756769914
-1.325747756491313
-1.325747756571308
-1.325747756814656
1.325747756955944
0.366462779344524
0.105646413108734
1.306864607089221
-1.325747757002805
-1.325747756900345
-1.325747756756236
-1.325747756513833
-1.325747756795625
-1.325747756922752
0.122730910607614
-0.151659180049309
-0.102828147687998
-0.005733719360049
0.066757926955645
0.151659179956432
0.151659178723490
0.151659176617541
0.151659176608552
0.151659118195042
0.151659143090161
0.024954691613691
0.151659180188695
-0.021007287104372
-0.151659180192876
-0.151659179755831
0.106876285058830
-0.151659156425365
0.151659172960448
-0.151659167285353
-0.151659150148482
-0.003232074216672
