2.667818195753945
1.164531452000970
-2.233556205575995
-0.781157895121623
1.331395745890794
2.667818174716615
2.667818167723397
2.667818168905981
2.667818151146653
2.667818147257350
-2.667818172372050
-2.667818198147482
2.667818205759091
0.141647226194142
-2.667818203708213
-2.667818191428238
-2.667818159093080
-2.667818111255227
1.977183454604020
2.667817868778844
-0.099607480347848
1.695982269518291
1.117746483064038
1.284125194439763
1.297103006484095
0.186608975449445
1.695982269410735
1.695982269398058
1.695982269358415
1.695982269376350
1.695982269396866
1.695982269612803
1.695982269608448
1.392846606914114
1.485828362754281
1.695982269589572
1.695982269579536
1.695982269566694
1.695982269572919
1.695982269528834
1.695982269535434
0.392765275989760
-5.847599762703553
0.250731584182861
1.961543004860598
-4.289207167000627
5.847599757919966
5.847599749071787
5.847599716684253
5.847599691140548
-5.847599357184437
-5.847599471751222
-5.847599763499271
1.035865814387004
2.988391099909676
-5.847599769855081
5.847599731619232
5.847599528548201
-5.847599455952807
-2.179865329525068
-5.847599708721071
-5.847599669711273
-0.248499802011870
-0.241046544890424
0.034335877824432
-0.166389230446365
-0.096578687567836
0.139639452622101
-0.241046544522110
-0.241046544508242
-0.241046544413666
-0.241046544266731
-0.241046544234258
-0.241046544787187
-0.241046544888167
-0.014827707436537
-0.117104478522528
-0.241046544934936
-0.241046544903626
-0.241046544851963
-0.241046544762666
-0.241046544510339
-0.241046544325846
-0.060269088504268
-0.676086974660281
0.427737121799378
-0.676086975927018
-0.211034272033887
0.349425013633422
-0.676086972070283
-0.676086971241167
-0.676086970918476
-0.676086968697154
-0.676086968072085
-0.676086974061783
0.171508383176862
-0.676086976189671
-0.390011438903520
0.676086975660563
0.676086964768266
0.205842092630983
-0.676086963403214
-0.676086963223724
-0.676086964068460
-0.102407537637626
-0.316106864912445
-0.559633375903473
0.243869119005870
-0.084884361011786
-0.559633376248134
-0.559633373499643
-0.559633369171937
-0.559633370013789
-0.032374281050251
0.559633301554035
0.559633376534387
0.559633376456964
-0.541298751460662
-0.025480906006558
0.559633374642880
0.559633374465742
0.559633373647556
0.559633372501160
0.559633369274084
0.559633367337995
-0.018238691690934
0.850216784944844
0.286367530627770
-0.037318278184706
0.617465531061467
-0.850216784970434
-0.850216784882725
-0.850216784747224
-0.850216784638888
-0.850216782351658
-0.699743788457298
0.850216784946805
0.431025926143342
-0.209884391333182
0.850216784984216
-0.850216784923075
-0.850216784709408
-0.850216784233206
-0.850216784206014
0.850216782776114
0.850216783236727
0.080164629930225
-0.134861039494985
-0.064484481169686
-0.039703776904639
0.080669080022764
0.134861039384806
0.134861023160144
-0.134861022120683
-0.134861007873343
-0.134861028317183
-0.134861027939358
-0.023000624514821
0.134861039879646
0.119928300028753
-0.134861039886479
-0.024521694420561
0.134861007420700
-0.134860996926858
0.134860953713749
-0.134861027738878
-0.134861027338535
0.003080782087395
