-0.088224949075831
0.054340524611205
0.088224949076186
0.064747771467506
-0.015843874180936
0.000000000000000
0.003723136898561
-0.088224943405007
-0.088224948296446
-0.088224948057617
0.000000000000000
0.000000000000000
-0.088224949076161
-0.088224949076161
0.088224949075926
0.088224949076099
0.088224949076133
0.088224949076185
0.088224949076186
0.088224949076186
0.004005194761800
0.088224949076186
0.088224949076186
-0.077070508791605
0.077353643645779
0.088224949076186
0.000000000000000
0.088224949076186
0.088224949076186
0.088224949076186
0.088224949076186
0.000000000000000
0.000000000000000
0.026399358892700
0.026399358892700
0.088224949076186
0.088224949076186
0.088224949076186
0.088224949076186
0.088224949076186
0.088224949076186
-0.005792541556027
-0.472605577363511
0.146653180195400
0.091582181069249
0.470068109273233
-0.705799592609491
0.000000000000000
-0.705799592609491
-0.705799592609491
-0.705799592609490
-0.705799592609467
0.000000000000000
0.000000000000000
0.269556849477934
0.269556849477934
0.705799592609434
0.705799592606435
0.336791606317390
-0.705799592609491
-0.705799592609491
-0.705799592609457
0.052137457414366
-0.352899796304592
-0.058395181890291
0.037801724939608
0.028739075059515
-0.352899796303701
-0.000000000000000
-0.352899796303869
-0.352899796303896
-0.352899796303920
-0.352899796304007
0.000000000000000
0.000000000000000
0.035193121724974
0.035193121724974
-0.352899796301539
-0.352899796303530
-0.352899796304523
-0.352899796304301
-0.352899796304135
-0.352899796304145
-0.034752038119861
-1.411599185218982
0.770858288012965
-1.050896365982282
0.497662537198758
-0.086625863791758
-0.000000000000000
-1.411599185218982
-1.411599185218982
-1.411599185218982
-1.411599185218982
0.000000000000000
0.000000000000000
-0.394991431248237
-0.394991431248237
1.411599185218982
0.177279477674464
-1.411599185218982
-1.411599185218982
-1.411599185218982
-1.411599185218982
-0.072906059990861
-0.352899796304592
-0.058395181890291
0.037801724939608
0.028739075059515
-0.352899796303701
-0.000000000000000
-0.352899796303869
-0.352899796303896
-0.352899796303920
-0.352899796304007
0.000000000000000
0.000000000000000
0.035193121724974
0.035193121724974
-0.352899796301539
-0.352899796303530
-0.352899796304523
-0.352899796304301
-0.352899796304135
-0.352899796304145
-0.034752038119861
-1.411599185218982
0.770858288012965
-1.050896365982282
0.497662537198758
-0.086625863791758
-0.000000000000000
-1.411599185218982
-1.411599185218982
-1.411599185218982
-1.411599185218982
0.000000000000000
0.000000000000000
-0.394991431248237
-0.394991431248237
1.411599185218982
0.177279477674464
-1.411599185218982
-1.411599185218982
-1.411599185218982
-1.411599185218982
-0.072906059990861
-1.411599185218982
0.770858288012965
-1.050896365982282
0.497662537198758
-0.086625863791758
-0.000000000000000
-1.411599185218982
-1.411599185218982
-1.411599185218982
-1.411599185218982
0.000000000000000
0.000000000000000
-0.394991431248237
-0.394991431248237
1.411599185218982
0.177279477674464
-1.411599185218982
-1.411599185218982
-1.411599185218982
-1.411599185218982
-0.072906059990861
