0.214374353470305
1.233052910830041
-2.446500480039871
0.933170150546860
0.387828059651594
0.053815643020098
0.007456577312787
-0.002182042378083
-0.012997867442734
-0.020366547578779
-1.086951648312732
-1.507850771096556
3.930154868497582
-1.171806502081064
-0.998568244242236
-0.280911228968362
-0.167749164137804
-0.117400021215762
-0.084838284603858
-0.063776625780206
0.016834076601994
1.424314515487597
1.234235073850591
1.645474290604656
1.279446207208761
1.207173573536519
0.563358557460485
0.414322199128396
0.324399330264643
0.262065954376180
0.225165771793353
1.575479511420186
2.173458368346830
1.243053333471970
2.135064593454349
1.382070530233774
0.593268780683757
0.427746394382972
0.329806487863040
0.265884572933428
0.226929324395252
0.428275748546466
-11.529087352101458
3.066299219532694
-0.261078442871690
-4.830674425081081
12.228052265324163
3.331357185885332
1.919608107130357
1.291632465011342
0.710340533145096
0.443255286012141
-9.633181814051818
4.008897418724058
-0.019646579029161
-6.441413953223122
9.573817788419587
2.853312911266721
1.713482099232926
1.171395901569187
0.671711664923423
0.406734747204201
-0.183087850046427
-0.132961822674320
-0.051626127693215
-0.236014991457841
-0.068423179864201
-0.099713772449185
-0.052909971696283
-0.040409929148922
-0.032067970276665
-0.026435423538917
-0.023116886778035
-0.202646063726680
-0.288778113499612
0.001175322597435
-0.273812973326745
-0.176095432692874
-0.069909612037034
-0.049084502671117
-0.037385338715759
-0.029801023658904
-0.025126987302719
-0.069169980637879
-0.152807796147936
0.023920580366794
-0.672421165800423
-0.027800067689582
-0.049801687400745
-0.049978113139149
-0.040323137063448
-0.033460428568862
-0.028160385372477
-0.024608753544521
-0.106751849411737
-0.064552101915962
-0.780811436032361
-0.104723227851886
-0.015517293595912
-0.037285360565417
-0.033155014119250
-0.028166033105518
-0.024816858485273
-0.022555004315604
-0.100698486599422
-0.069735896336066
-0.410719086180554
0.341153842426365
-0.350741335371051
-0.106945124927751
-0.017472336962112
-0.005159802125670
-0.001896475893994
0.001041019866541
0.002945287262700
0.237933835760476
0.417659067014967
-0.671705729617488
0.351417301552385
0.220234421711544
0.060453659476050
0.035694102938944
0.024696721801020
0.017703227159564
0.013210041107225
-0.014641718265475
1.781438203770861
-0.239608406217851
0.045084982182845
0.499817070793407
-1.890333383530852
-0.512599636465284
-0.295347363357087
-0.198080987080760
-0.109761642180556
-0.068908983167251
1.505968108506391
-0.294684644028869
0.016792431336021
0.645707720501418
-1.502436117337665
-0.442410640306749
-0.265049100890411
-0.180322503380804
-0.104066825616656
-0.063558079226532
0.026099252760228
-0.089600930151921
-0.096684382512355
-0.005960171898325
0.082609484852278
0.093152479060428
0.024151595045198
0.013773722075134
0.009246929234637
0.005041774409541
0.003166784289797
-0.051225840776824
0.160127065140774
0.004889493709178
-0.176516668726537
0.053890624163397
0.018398648379084
0.011383052081022
0.008007506041791
0.004588967833912
0.002741290975865
-0.001248281291868
