-0.6101089315039498
-11.965043170552859
19.094415648643103
-9.675668348733526
-2.6448471957042723
0.09754679222362
0.25413088096831155
0.43435488808532663
0.30980568012056653
0.31243581640221135
10.498225488651384
13.564939559234602
-32.01476258254711
11.402912466250838
9.003073742227443
2.491931902246502
2.4074266410028837
1.0002620121081731
0.9370088028477327
0.8597192432639109
-0.17785358314660416
6.288067516522721
6.628843546440837
9.53012206865504
6.3497876968474145
7.623470223724248
3.6156981303760745
2.4827228255236786
1.8485065728263828
1.5534136713416353
1.3937130537247355
8.330798090921066
13.86069524345224
5.183361926610238
12.800180037993808
9.298229979905042
3.524987860056637
3.2277553999916466
1.7610258473278342
1.6204909365315312
1.4756722022323057
2.31855216601554
95.41415103772698
-23.079494681706354
2.3109204258286478
38.209792105426246
-107.71043193807539
-31.90491914964101
-17.52809703727878
-9.239672888424384
-8.565997660451751
-6.734930215636868
79.23758402266546
-29.93345541202674
-0.42038637106681953
52.42804899561278
-84.33242965498386
-24.880171497451574
-16.16633186930624
-7.737770228115494
-7.932006876775344
-6.291728861196377
1.4250598296851038
-15.940360869873066
-20.28750262950759
-1.1929360264293927
18.216878486994204
18.036332834427814
5.1122361977195
2.7965958163888804
1.4898856483422207
1.3652561626755444
1.0766220111995717
-8.532148277528234
32.709095635250435
1.5897262111681887
-35.80186133721249
10.067564893622897
3.307048851629266
2.360647033272112
1.0734191862392317
1.2248796771372215
0.9871460716000118
-0.12325495337705306
5.207623885288543
86.05068379983388
-72.25582627397785
74.25083355624054
17.42062829286481
0.07643983405553381
-1.0309998315924935
-2.115416885603741
-1.5445171839580532
-1.586956264135986
-57.97126783851446
-88.4137219950661
138.89558153808915
-78.14195888912559
-49.01295473110805
-13.519735956218383
-12.963374373027122
-5.454314552424853
-5.048414763754682
-4.622942239788444
2.1537900713350324
-7.7756688094382715
7.852953924586896
-76.82890133181597
3.6074918646803704
-4.265926405223181
-5.593952801602406
-3.7640758193646975
-2.8807775612640443
-2.5518315002546963
-2.317607572095915
-5.941845952414867
-7.3952406588070385
-82.58911784369447
-9.445743294483021
-2.791799945586467
-3.155218341592028
-3.8267927585659574
-2.333960325928871
-2.301255747712261
-2.149328500750699
-10.361185339312868
-381.316882635775
50.96326131085463
-10.763243003405469
-109.48783283141222
428.6104383963977
125.97966037670662
69.30909843394407
36.66108556220391
33.69179308764728
26.491037264149906
-320.1836518534549
60.36701023506706
-0.4198453091767223
-147.71719355827884
339.1305020858687
99.14326231629717
64.09017780436959
30.95246709923603
31.245717138960885
24.76869155821563
-5.5607298673168515
-7.990982955290959
-2.4163929461909026
-21.943806274160305
-2.4882290854322764
-11.379312131923095
-5.936271474199519
-4.1247368464874725
-3.153114343150299
-2.6359752436998805
-2.3724242421621113
-17.28706176022323
-29.586954377651107
5.922932939403856
-26.168970989698007
-19.94707595104381
-6.99534898261676
-6.386237006736348
-3.3136802361063196
-3.0633052207561016
-2.78095948054226
-6.014567700736691
