-0.10825220979270983
-0.12888353381608858
0.32187232194891374
-0.10584279620716852
-0.08119588854326505
-0.012106302551428198
-0.018286680804524218
-0.013643862317580841
-0.011205050284330454
-0.010499768691109945
0.05792756896887011
0.22729223922441041
-0.42863936867506774
0.19595897694738668
0.07142049620212935
0.008609709066774461
0.002434881202236267
-0.0010099050399775987
-0.002611324181036654
-0.0026366246094020438
0.0037344168163568974
0.16881217020389414
0.19981945962518707
0.06996651850892967
0.19589812711596374
0.10513166271405373
0.04495670614175008
0.034155483584881144
0.02704833539420963
0.02195767953064211
0.019827136599579284
0.12833820290044332
0.11052959754246854
0.2363290415197309
0.13750272550093254
0.06829360209132061
0.040726998713701154
0.029106419370714877
0.023872526374460645
0.01983891458535393
0.01778869983098666
0.038050462797575686
1.4541888797131297
-0.3619244525634874
0.012031981392301438
0.5727752289957742
-1.5462171397631335
-0.3434397199697536
-0.23842916988463334
-0.12573133229076008
-0.0960026844242954
-0.08020643680272295
1.3536668260213622
-0.5267998244409411
0.10094977834434717
0.6056735229278231
-1.2455996477881135
-0.37570437346131474
-0.21310815091086746
-0.11327847889405318
-0.08539092487767666
-0.07219143924782544
0.01727499187222336
-0.2871785032708735
-0.30603280190634646
-0.1051221773867761
-0.30478190585268383
-0.13373150775969636
-0.06266906546975973
-0.04829225231694262
-0.03938690222791684
-0.032111920695643996
-0.0291278920303141
-0.21886239682663355
-0.15055196882804567
-0.37373768493739906
-0.21319185434471782
-0.07944381018369802
-0.05524247481399819
-0.040552885394473076
-0.03444890579288139
-0.028851948340822883
-0.025963577035347726
-0.10148859948391817
-0.5076301065027022
-0.18519073961644483
-0.8920009619790735
-0.25851561278941576
-0.06416602211280344
-0.05406585442926332
-0.06136673881811216
-0.056976638510468205
-0.04962382275159205
-0.046421637993478204
-0.20036175777722673
0.40730431035038517
-1.908509537647727
0.20639451496488515
0.19021996405276176
-0.030637678104241884
-0.02821404660782902
-0.0341807371793822
-0.03419984616436879
-0.03212690292335334
-0.16131174371087312
-0.2871785032708735
-0.30603280190634646
-0.1051221773867761
-0.30478190585268383
-0.13373150775969636
-0.06266906546975973
-0.04829225231694262
-0.03938690222791684
-0.032111920695643996
-0.0291278920303141
-0.21886239682663355
-0.15055196882804567
-0.37373768493739906
-0.21319185434471782
-0.07944381018369802
-0.05524247481399819
-0.040552885394473076
-0.03444890579288139
-0.028851948340822883
-0.025963577035347726
-0.10148859948391817
-0.5076301065027022
-0.18519073961644483
-0.8920009619790735
-0.25851561278941576
-0.06416602211280344
-0.05406585442926332
-0.06136673881811216
-0.056976638510468205
-0.04962382275159205
-0.046421637993478204
-0.20036175777722673
0.40730431035038517
-1.908509537647727
0.20639451496488515
0.19021996405276176
-0.030637678104241884
-0.02821404660782902
-0.0341807371793822
-0.03419984616436879
-0.03212690292335334
-0.16131174371087312
-0.5076301065027022
-0.18519073961644483
-0.8920009619790735
-0.25851561278941576
-0.06416602211280344
-0.05406585442926332
-0.06136673881811216
-0.056976638510468205
-0.04962382275159205
-0.046421637993478204
-0.20036175777722673
0.40730431035038517
-1.908509537647727
0.20639451496488515
0.19021996405276176
-0.030637678104241884
-0.02821404660782902
-0.0341807371793822
-0.03419984616436879
-0.03212690292335334
-0.16131174371087312
