2.231259721272988
-0.355939575654131
1.020836166121553
0.000000000000012
0.000000000000015
0.000000000000008
-22.945402253870775
0.000000000000000
-8.344631213400993
-5.587337740578461
0.000000000000000
0.000000000000000
-0.754595747489126
-0.754595747489126
5.751892322484846
4.621460564970371
3.004901022442393
2.279600046316012
1.871900247043675
1.636849327014254
0.020861317029165
2.119518789361195
-0.183700507244067
0.141226623678298
0.000000000000037
0.000000000000008
0.000000000000021
-1.343956597078729
0.000000000000000
1.567098113642924
1.947789850350127
0.000000000000000
0.000000000000000
0.100881274121405
0.100881274121405
-2.816584655867713
8.536338050617815
7.228615132854829
5.852370057305283
5.042521477334117
4.450505519519768
0.018541389840437
24.239842390257202
-4.813113502851923
3.417124293008924
-0.000000000000349
-0.000000000000079
-0.000000000000212
46.164791706072101
0.000000000000000
0.204023659134746
-7.000805243748398
0.000000000000000
0.000000000000000
1.241260389255329
1.241260389255329
41.698349122999375
-73.992787692085912
-62.414957480636588
-50.388362110445691
-43.456453649099785
-38.226770363889877
0.321863088572745
-0.291377450921433
0.036152270813671
-0.032863842479243
-0.000000000000007
-0.000000000000002
-0.000000000000004
1.672328127804128
0.000000000000000
0.295333690039293
0.061488139488992
0.000000000000000
0.000000000000000
0.006787052534545
0.006787052534545
0.272009466820248
-1.566898750700426
-1.279570280527119
-1.028721614344124
-0.882635979816735
-0.778281557895098
-0.017986245721891
0.584219360366966
-0.026766399620628
-0.256568222905075
-0.000000000000019
-0.000000000000003
-0.000000000000011
0.684742989277787
0.000000000000000
-0.698726828539763
-0.877917565330746
0.000000000000000
0.000000000000000
-0.263248984529987
-0.263248984529987
3.129607357239248
-3.704777161013824
-3.229440482489419
-2.636731235003099
-2.290525698122007
-2.023772921497136
-0.039853065258430
-0.291377450921433
0.036152270813671
-0.032863842479243
-0.000000000000007
-0.000000000000002
-0.000000000000004
1.672328127804128
0.000000000000000
0.295333690039293
0.061488139488992
0.000000000000000
0.000000000000000
0.006787052534545
0.006787052534545
0.272009466820248
-1.566898750700426
-1.279570280527119
-1.028721614344124
-0.882635979816735
-0.778281557895098
-0.017986245721891
0.584219360366966
-0.026766399620628
-0.256568222905075
-0.000000000000019
-0.000000000000003
-0.000000000000011
0.684742989277787
0.000000000000000
-0.698726828539763
-0.877917565330746
0.000000000000000
0.000000000000000
-0.263248984529987
-0.263248984529987
3.129607357239248
-3.704777161013824
-3.229440482489419
-2.636731235003099
-2.290525698122007
-2.023772921497136
-0.039853065258430
0.584219360366966
-0.026766399620628
-0.256568222905075
-0.000000000000019
-0.000000000000003
-0.000000000000011
0.684742989277787
0.000000000000000
-0.698726828539763
-0.877917565330746
0.000000000000000
0.000000000000000
-0.263248984529987
-0.263248984529987
3.129607357239248
-3.704777161013824
-3.229440482489419
-2.636731235003099
-2.290525698122007
-2.023772921497136
-0.039853065258430
