-0.104797811288105
-0.471058643782240
1.105913421869399
-0.396423774834501
-0.153948930355978
-0.020908156404074
-0.002250151948702
0.001623254710091
0.005761231986862
0.008617805941552
0.462588444311218
0.590372412865944
-1.740207251269799
0.509592749772335
0.434523374434097
0.122862511304692
0.073372005729508
0.051193854759711
0.036840657656661
0.027684445628361
-0.005480486872704
0.827486644029467
0.650789267043084
0.798757549610325
0.669681910459427
0.662713092548656
0.311204962362983
0.229163616616389
0.179732076681657
0.145313930870226
0.124861442346798
0.859036118086823
1.080963122748062
0.633250522587165
1.080181157019757
0.730959305451564
0.321110023198659
0.233079977924490
0.180412370266873
0.145968564316595
0.124959845211406
0.227392509745350
5.298211786372780
-1.541252120410735
0.081843678775700
2.099174615289079
-5.272109736195349
-1.449668710401959
-0.837321801117383
-0.561584555246842
-0.311434664020691
-0.195558044771283
4.381621912701307
-2.048897141392235
0.015113115961486
2.806640974688150
-4.155226705209980
-1.253872323489508
-0.752647753735775
-0.512207834430845
-0.295788115650115
-0.180766108101898
0.058291213383404
-0.086982140506576
-0.038471117321511
-0.123099576355978
-0.044018162506476
-0.064833049186437
-0.033376398198546
-0.025273886505546
-0.020026443305104
-0.016425448273288
-0.014295416353658
-0.118540346798414
-0.156110592989065
-0.007214715189559
-0.152911942266708
-0.101782542466606
-0.041533835109214
-0.029421518426835
-0.022508990275050
-0.018012319880425
-0.015251645129127
-0.040586589583564
-0.117812650446756
-0.003642388140705
-0.420333298518354
-0.028269987511540
-0.049399447138891
-0.038769681294026
-0.030572682014033
-0.025060207699756
-0.020859755226671
-0.018140385122080
-0.079573113589043
-0.053590839839735
-0.492344343933488
-0.075762767906712
-0.025267954826513
-0.030056635698587
-0.025637456393999
-0.021436810960086
-0.018574844299072
-0.016701165332744
-0.068354036322487
-0.086982140506576
-0.038471117321511
-0.123099576355978
-0.044018162506476
-0.064833049186437
-0.033376398198546
-0.025273886505546
-0.020026443305104
-0.016425448273288
-0.014295416353658
-0.118540346798414
-0.156110592989065
-0.007214715189559
-0.152911942266708
-0.101782542466606
-0.041533835109214
-0.029421518426835
-0.022508990275050
-0.018012319880425
-0.015251645129127
-0.040586589583564
-0.117812650446756
-0.003642388140705
-0.420333298518354
-0.028269987511540
-0.049399447138891
-0.038769681294026
-0.030572682014033
-0.025060207699756
-0.020859755226671
-0.018140385122080
-0.079573113589043
-0.053590839839735
-0.492344343933488
-0.075762767906712
-0.025267954826513
-0.030056635698587
-0.025637456393999
-0.021436810960086
-0.018574844299072
-0.016701165332744
-0.068354036322487
-0.117812650446756
-0.003642388140705
-0.420333298518354
-0.028269987511540
-0.049399447138891
-0.038769681294026
-0.030572682014033
-0.025060207699756
-0.020859755226671
-0.018140385122080
-0.079573113589043
-0.053590839839735
-0.492344343933488
-0.075762767906712
-0.025267954826513
-0.030056635698587
-0.025637456393999
-0.021436810960086
-0.018574844299072
-0.016701165332744
-0.068354036322487
