0.441138275969932
0.441138275969932
-0.349103918977902
0.414332695945621
-0.074698647567189
0.000000000000000
0.441138275969932
0.441138275969932
0.441138275969932
0.441138275969931
0.000000000000000
0.000000000000000
-0.441138275969932
-0.441138275969932
-0.431126170159634
0.441138275969922
0.441138275969932
0.441138275969928
0.441138275969926
0.441138275969929
-0.005234275223885
0.441138275969932
0.441138275969932
0.441138275969932
0.256377048714778
0.441138275969929
-0.000000000000000
0.441138275969932
0.441138275969932
0.441138275969932
0.441138275969932
0.000000000000000
0.000000000000000
0.441138275969932
0.441138275969932
0.441138275969876
0.441138275969932
0.441138275969932
0.441138275969932
0.441138275969932
0.441138275969932
0.059413375316728
1.764553103879522
-0.026612632914133
-1.764553103878675
0.157885574701079
1.113809903075971
-0.000000000000004
-1.764553103816604
-1.764553103511913
-1.764553103453594
-1.764553103792767
0.000000000000000
0.000000000000000
-0.330162396632270
-0.330162396632270
1.764553103879597
1.764553103879729
-0.531941298506987
-1.764553102591789
-1.764553103220270
-1.764553103872068
0.026766648361596
-1.764553103879729
-1.764553103879729
-0.262330489754761
-0.328928486833224
-0.248422683892419
0.000000000000000
-1.764553103879729
-1.764553103879729
-1.764553103879729
-1.764553103879729
0.000000000000000
0.000000000000000
-0.344684475475769
-0.344684475475769
-0.310856377614212
-1.764553103879729
-1.764553103879729
-1.764553103879729
-1.764553103879729
-1.764553103879729
-0.291521143252417
-3.529106207759458
2.410754986892295
3.529106173523620
-3.529106207759458
2.045281569063716
0.000000000000002
-3.529106207759458
-3.529106207759458
-3.529106207759458
-3.529106207759458
0.000000000000000
0.000000000000000
-2.434077953606271
-2.434077953606271
-0.291797752627631
-2.443578106462438
-3.529106207759436
-3.529106207759456
-3.529106207759458
-3.529106207759458
-0.559498174449752
-1.764553103879729
-1.764553103879729
-0.262330489754761
-0.328928486833224
-0.248422683892419
0.000000000000000
-1.764553103879729
-1.764553103879729
-1.764553103879729
-1.764553103879729
0.000000000000000
0.000000000000000
-0.344684475475769
-0.344684475475769
-0.310856377614212
-1.764553103879729
-1.764553103879729
-1.764553103879729
-1.764553103879729
-1.764553103879729
-0.291521143252417
-3.529106207759458
2.410754986892295
3.529106173523620
-3.529106207759458
2.045281569063716
0.000000000000002
-3.529106207759458
-3.529106207759458
-3.529106207759458
-3.529106207759458
0.000000000000000
0.000000000000000
-2.434077953606271
-2.434077953606271
-0.291797752627631
-2.443578106462438
-3.529106207759436
-3.529106207759456
-3.529106207759458
-3.529106207759458
-0.559498174449752
-3.529106207759458
2.410754986892295
3.529106173523620
-3.529106207759458
2.045281569063716
0.000000000000002
-3.529106207759458
-3.529106207759458
-3.529106207759458
-3.529106207759458
0.000000000000000
0.000000000000000
-2.434077953606271
-2.434077953606271
-0.291797752627631
-2.443578106462438
-3.529106207759436
-3.529106207759456
-3.529106207759458
-3.529106207759458
-0.559498174449752
