0.525875799735845
1.366026780642742
0.766437502937886
-0.000000412621086
0.000000446245144
0.000000013622332
38.169077185827099
0.000000001311000
15.719780679967744
-38.169077185783216
0.000000000159254
0.000000000019907
-2.884847497850052
-2.884847497850052
38.169077185827163
-38.169077175640815
21.821637231393844
-38.169077185826637
-38.169077185802827
-38.169077185823681
0.101176439937028
2.385567316380542
-0.470952442952837
1.665954263756752
0.000000000856350
-0.000000000287420
-0.000000000037653
2.385567322598547
0.000000000014602
2.385567323007645
2.385567323175839
-0.000000000001933
-0.000000000000511
1.545645789408944
1.545645789408944
2.385567322252542
2.385567323993530
2.385567323931034
2.385567322421252
2.385567323264195
2.385567323106116
-0.019358034594558
-3.909114549054299
0.780262153982880
0.782724507510625
-0.000000318100223
0.000000337211923
0.000000010631613
53.206477235532702
0.000000000843903
-41.204344765292397
610.705234973234610
0.000000000142191
0.000000000015641
3.943977486158275
3.943977486158275
104.931413306433143
-76.027409257661859
-121.112319905961911
-610.705234973234610
-610.705234973234610
610.705234973234610
0.097384780675511
0.748295343798391
0.213693725054511
5.473485480996855
0.000000340523460
-0.000000371206033
-0.000000011207486
-152.676308743308653
-0.000000001164543
-93.533756565883309
152.676308743308653
-0.000000000119440
-0.000000000008531
11.672829118672073
11.672829118672073
-152.676308743308653
24.647732238174441
-152.676308743308653
152.676308743308653
152.676308743308653
152.676308743308653
-0.227215894866354
20.327374650086774
-6.626601177318788
21.199172600497999
-0.000000641303322
0.000000699472550
0.000000021081577
-91.748496193452766
0.000000002192584
-1221.410469946469220
-119.674778273388029
0.000000000221818
0.000000000017063
-8.294401809808525
-8.294401809808525
-6.497129183994254
592.229966076197911
1051.237718475899101
670.630978579048133
-1221.410469946432613
-1221.410469878354661
-0.226371814107393
0.748295343798391
0.213693725054511
5.473485480996855
0.000000340523460
-0.000000371206033
-0.000000011207486
-152.676308743308653
-0.000000001164543
-93.533756565883309
152.676308743308653
-0.000000000119440
-0.000000000008531
11.672829118672073
11.672829118672073
-152.676308743308653
24.647732238174441
-152.676308743308653
152.676308743308653
152.676308743308653
152.676308743308653
-0.227215894866354
20.327374650086774
-6.626601177318788
21.199172600497999
-0.000000641303322
0.000000699472550
0.000000021081577
-91.748496193452766
0.000000002192584
-1221.410469946469220
-119.674778273388029
0.000000000221818
0.000000000017063
-8.294401809808525
-8.294401809808525
-6.497129183994254
592.229966076197911
1051.237718475899101
670.630978579048133
-1221.410469946432613
-1221.410469878354661
-0.226371814107393
20.327374650086774
-6.626601177318788
21.199172600497999
-0.000000641303322
0.000000699472550
0.000000021081577
-91.748496193452766
0.000000002192584
-1221.410469946469220
-119.674778273388029
0.000000000221818
0.000000000017063
-8.294401809808525
-8.294401809808525
-6.497129183994254
592.229966076197911
1051.237718475899101
670.630978579048133
-1221.410469946432613
-1221.410469878354661
-0.226371814107393
0.905805893144276
1.182688809328578
3.696135032583684
0.000000496038618
-0.000000555230909
-0.000000016081435
278.485018258728985
-0.000000002060346
-71.798200624831836
-2442.820923394577676
-0.000000000125128
0.000000000000000
-2.042791168752152
-2.042791168752152
402.965640882202820
-1431.410414947102709
-1267.024046977832313
116.341743490616693
2427.159773650658735
2442.745019500315266
0.240253356226386
0.000000000000000
0.000000000000000
0.000000000000000
0.000000000000000
0.000000000000000
0.000000000000000
0.000000000000000
0.000000000000000
0.000000000000000
0.000000000000000
0.000000000000000
0.000000000000000
0.000000000000000
0.000000000000000
0.000000000000000
0.000000000000000
0.000000000000000
0.000000000000000
0.000000000000000
0.000000000000000
0.000000000000000
0.000000000000000
0.000000000000000
0.000000000000000
0.000000000000000
0.000000000000000
0.000000000000000
0.000000000000000
0.000000000000000
0.000000000000000
0.000000000000000
0.000000000000000
0.000000000000000
0.000000000000000
0.000000000000000
0.000000000000000
0.000000000000000
0.000000000000000
0.000000000000000
0.000000000000000
0.000000000000000
0.000000000000000
-13.211103788741864
3.022997072633388
-13.690753467440119
-0.000000473737398
0.000000551185934
0.000000015058016
720.815743959097063
0.000000002525310
-16270.022725530910975
19542.567519143507525
0.000000000079627
-0.000000000005688
-17.071741225630522
-17.071741225630522
492.704984851354084
3852.110943501619204
-6488.865402138382706
4264.003338319338582
-19542.567519143507525
13227.712923480319660
-0.070606607545304
0.000000000000000
0.000000000000000
0.000000000000000
0.000000000000000
0.000000000000000
0.000000000000000
0.000000000000000
0.000000000000000
0.000000000000000
0.000000000000000
0.000000000000000
0.000000000000000
0.000000000000000
0.000000000000000
0.000000000000000
0.000000000000000
0.000000000000000
0.000000000000000
0.000000000000000
0.000000000000000
0.000000000000000
0.000000000000000
0.000000000000000
0.000000000000000
0.000000000000000
0.000000000000000
0.000000000000000
0.000000000000000
0.000000000000000
0.000000000000000
0.000000000000000
0.000000000000000
0.000000000000000
0.000000000000000
0.000000000000000
0.000000000000000
0.000000000000000
0.000000000000000
0.000000000000000
0.000000000000000
0.000000000000000
0.000000000000000
-13.033247929145860
4.630731073484050
-18.218818594715181
-0.000000149923234
0.000000195361755
0.000000004461950
-107.276086639747632
0.000000001357923
-8052.031938375752361
9771.283753570947738
-0.000000000022751
-0.000000000021329
-28.684325060721264
-28.684325060721264
884.701188807118911
4371.866492021266822
-9771.214710092654059
-4599.100117466053234
1159.042238400682891
7236.500169330782228
0.148128109553726
