0.080151359746383
0.058015027955356
0.059740208837742
0.059019684592918
0.064571973527683
0.000000000000000
0.025218352016346
0.019594008150289
0.016766366747169
0.015567906403952
0.000000000000000
0.000000000000000
-0.001971055254199
-0.001971055254199
0.008722650497971
0.012297250071718
0.012651564204180
0.012141800056044
0.011448950357499
0.011568335614682
0.016694958463680
0.578436292095000
-0.140412574238885
0.088742900370181
-0.100811412143941
0.318808523723664
0.000000000000000
0.171467497744322
0.138533505690228
0.121012078052024
0.113855091955565
0.000000000000000
0.000000000000000
-0.002957578680295
-0.002957578680295
0.034967198946448
0.104844760438483
0.105031130148231
0.099550659299550
0.093501667528645
0.093441374038759
-0.000614711932223
0.264834152829483
0.050849426310937
0.056982777688203
0.265866704485939
-0.284404563044665
-0.000000000000000
-0.040295238998344
-0.023889784399442
-0.016907982718996
-0.007899510722459
0.000000000000000
0.000000000000000
0.159823368415333
0.159823368415333
0.491511311801107
0.050743571450806
0.033722562517523
0.019206676182066
0.012562331711003
0.014381543545266
0.059563613333970
-1.058640028103019
0.284283058198772
-0.177846619843583
0.209138982278296
-0.514446458125457
-0.000000000000000
-0.299502931481132
-0.243962499666570
-0.213995812225367
-0.203025219643188
0.000000000000000
0.000000000000000
0.037086029385704
0.037086029385704
-0.226003257253262
-0.220046054554073
-0.207625502780844
-0.189903582856919
-0.175686201394240
-0.174798001475146
-0.043968691348456
-2.109893520175000
0.725112476520695
-0.892867009401059
0.604363102725847
-2.454340455804695
-0.000000000000001
-0.968913689781363
-0.752297967669518
-0.643027909513926
-0.576295161009287
0.000000000000000
0.000000000000000
-0.396566055440418
-0.396566055440418
2.376448089700371
-0.071363933062183
-0.245195950049533
-0.329643565225123
-0.347863252040478
-0.354389348502007
-0.099436265576019
-1.058640028103019
0.284283058198772
-0.177846619843583
0.209138982278296
-0.514446458125457
-0.000000000000000
-0.299502931481132
-0.243962499666570
-0.213995812225367
-0.203025219643188
0.000000000000000
0.000000000000000
0.037086029385704
0.037086029385704
-0.226003257253262
-0.220046054554073
-0.207625502780844
-0.189903582856919
-0.175686201394240
-0.174798001475146
-0.043968691348456
-2.109893520175000
0.725112476520695
-0.892867009401059
0.604363102725847
-2.454340455804695
-0.000000000000001
-0.968913689781363
-0.752297967669518
-0.643027909513926
-0.576295161009287
0.000000000000000
0.000000000000000
-0.396566055440418
-0.396566055440418
2.376448089700371
-0.071363933062183
-0.245195950049533
-0.329643565225123
-0.347863252040478
-0.354389348502007
-0.099436265576019
-2.109893520175000
0.725112476520695
-0.892867009401059
0.604363102725847
-2.454340455804695
-0.000000000000001
-0.968913689781363
-0.752297967669518
-0.643027909513926
-0.576295161009287
0.000000000000000
0.000000000000000
-0.396566055440418
-0.396566055440418
2.376448089700371
-0.071363933062183
-0.245195950049533
-0.329643565225123
-0.347863252040478
-0.354389348502007
-0.099436265576019
