0.002238366070000
0.002238366070000
0.002229555180000
0.002229555180000
0.002256985890000
0.002256985890000
0.002248108060000
0.002248108060000
-0.001372319160000
-0.001381130050000
-0.001372319160000
-0.001381130050000
-0.001383897600000
-0.001392775430000
-0.001383897600000
0.010469700200000
0.010469700200000
0.010357637800000
0.010357637800000
0.010522198800000
0.010522198800000
0.010409872400000
0.010409872400000
-0.014166912600000
-0.014278975000000
-0.014166912600000
-0.014278975000000
-0.014234229000000
-0.014346555400000
-0.014234229000000
0.000480917200000
0.000480917200000
0.000472929000000
0.000472929000000
0.000480871800000
0.000480871800000
0.000472909900000
0.000472909900000
-0.026426883600000
-0.026434871800000
-0.026426883600000
-0.026434871800000
-0.026487105700000
-0.026495067600000
-0.026487105700000
-0.010761644800000
-0.010761644800000
-0.010643347000000
-0.010643347000000
-0.010815022300000
-0.010815022300000
-0.010696457800000
-0.010696457800000
-0.015473002800000
-0.015354705000000
-0.015473002800000
-0.015354705000000
-0.015543961400000
-0.015425396900000
-0.015543961400000
-0.002243184410000
-0.002243184410000
-0.002233354170000
-0.002233354170000
-0.002261763450000
-0.002261763450000
-0.002251869770000
-0.002251869770000
-0.001520318000000
-0.001510487760000
-0.001520318000000
-0.001510487760000
-0.001531934710000
-0.001522041030000
-0.001531934710000
-0.000410689400000
-0.000410689400000
-0.000409857670000
-0.000409857670000
-0.000414732560000
-0.000414732560000
-0.000413893610000
-0.000413893610000
-0.000258372470000
-0.000257540740000
-0.000258372470000
-0.000257540740000
-0.000260702710000
-0.000259863760000
-0.000260702710000
-0.000283829190000
-0.000283829190000
-0.000283321930000
-0.000283321930000
-0.000286638910000
-0.000286638910000
-0.000286125900000
-0.000286125900000
-0.000149382360000
-0.000148875100000
-0.000149382360000
-0.000148875100000
-0.000150899000000
-0.000150385990000
-0.000150899000000
-0.000186213490000
-0.000186213490000
-0.000185861470000
-0.000185861470000
-0.000187831950000
-0.000187831950000
-0.000187477490000
-0.000187477490000
-0.000109161220000
-0.000108809200000
-0.000109161220000
-0.000108809200000
-0.000110023530000
-0.000109669070000
-0.000110023530000
-0.000099219696000
-0.000099219696000
-0.000099102488000
-0.000099102488000
-0.000100277263000
-0.000100277263000
-0.000100158759000
-0.000100158759000
-0.000053879754000
-0.000053762546000
-0.000053879754000
-0.000053762546000
-0.000054421754000
-0.000054303250000
-0.000054421754000
-0.000074328736000
-0.000074328736000
-0.000074270216000
-0.000074270216000
-0.000075177041000
-0.000075177041000
-0.000075117458000
-0.000075117458000
-0.000035458552000
-0.000035400032000
-0.000035458552000
-0.000035400032000
-0.000035894649000
-0.000035835066000
-0.000035894649000
0.002055175160000
0.002055175160000
0.002063533760000
0.002063533760000
0.002072298880000
0.002072298880000
0.002080721980000
0.002080721980000
0.001328627210000
0.001336985810000
0.001328627210000
0.001336985810000
0.001339751330000
0.001348174430000
0.001339751330000
0.008277930900000
0.008277930900000
0.008364799700000
0.008364799700000
0.008324239200000
0.008324239200000
0.008411397600000
0.008411397600000
0.012193033400000
0.012279902200000
0.012193033400000
0.012279902200000
0.012258354600000
0.012345513000000
0.012258354600000
0.000326821200000
0.000326821200000
0.000331623400000
0.000331623400000
0.000328017100000
0.000328017100000
0.000332829500000
0.000332829500000
0.020166019900000
0.020170822100000
0.020166019900000
0.020170822100000
0.020235079200000
0.020239891600000
0.020235079200000
-0.008477224100000
-0.008477224100000
-0.008568145900000
-0.008568145900000
-0.008524060400000
-0.008524060400000
-0.008615268400000
-0.008615268400000
0.013131387200000
0.013040465400000
0.013131387200000
0.013040465400000
0.013200402000000
0.013109194000000
0.013200402000000
-0.001953863440000
-0.001953863440000
-0.001962527770000
-0.001962527770000
-0.001970649650000
-0.001970649650000
-0.001979367320000
-0.001979367320000
0.001421479230000
0.001412814900000
0.001421479230000
0.001412814900000
0.001432275740000
0.001423558070000
0.001432275740000
-0.000347629190000
-0.000347629190000
-0.000348463530000
-0.000348463530000
-0.000351246400000
-0.000351246400000
-0.000352084870000
-0.000352084870000
0.000260095480000
0.000259261140000
0.000260095480000
0.000259261140000
0.000262159850000
0.000261321380000
0.000262159850000
-0.000268945000000
-0.000268945000000
-0.000269440490000
-0.000269440490000
-0.000271554650000
-0.000271554650000
-0.000272055400000
-0.000272055400000
0.000146038410000
0.000145542920000
0.000146038410000
0.000145542920000
0.000147496060000
0.000146995310000
0.000147496060000
-0.000172351610000
-0.000172351610000
-0.000172706720000
-0.000172706720000
-0.000173849220000
-0.000173849220000
-0.000174206430000
-0.000174206430000
0.000110574260000
0.000110219150000
0.000110574260000
0.000110219150000
0.000111394950000
0.000111037740000
0.000111394950000
-0.000096154985000
-0.000096154985000
-0.000096272536000
-0.000096272536000
-0.000097191352000
-0.000097191352000
-0.000097309980000
-0.000097309980000
0.000053600121000
0.000053482570000
0.000053600121000
0.000053482570000
0.000054117497000
0.000053998869000
0.000054117497000
-0.000073982968000
-0.000073982968000
-0.000074042292000
-0.000074042292000
-0.000074821832000
-0.000074821832000
-0.000074882047000
-0.000074882047000
0.000035189121000
0.000035129797000
0.000035189121000
0.000035129797000
0.000035606091000
0.000035545876000
0.000035606091000
-0.000439403999997
-0.000439403999997
-0.000433578000003
-0.000433578000003
-0.000438684000004
-0.000438684000004
-0.000433041999998
-0.000433041999998
0.000158974000003
0.000164799999997
0.000158974000003
0.000164799999997
0.000148416999995
0.000154059000002
0.000148416999995
