-0.0989386891308874
-0.1340871831858319
0.3208444384493462
-0.10902464172213534
-0.08156251785029833
-0.011127852251350228
-0.017572273772494283
-0.012914168065424059
-0.010608751940478884
-0.009959633312788744
0.06516131047597476
0.22745170948794793
-0.4302249090512019
0.19855619724581997
0.06956588564695901
0.009021350377850786
0.002895495179035013
-0.00046665721380568116
-0.0021134586982903695
-0.00217657137180016
0.003505604701050616
0.16061666314773584
0.19563559171871392
0.0745699809947735
0.19674860340342265
0.10888869771866694
0.04602020984832975
0.03467269480458508
0.027255667758605464
0.02210947373020739
0.019936373271861058
0.12579989905068462
0.12256074174117015
0.22962577210213
0.13906486264081958
0.07461353215954342
0.042521026819048166
0.03007392790385822
0.024367073738505277
0.02017782053321512
0.01807189442819917
0.03880080033892873
1.4333221353876069
-0.3420255657980402
0.014787353899757737
0.585532904360877
-1.5798021149071708
-0.3582287081154989
-0.2496890601258054
-0.13461778140059574
-0.10357360741114668
-0.08686610756913747
1.3481871761925805
-0.5038761791763858
0.10636683275790623
0.6171382633206629
-1.2692962433104746
-0.39220165244327554
-0.22317904149257478
-0.120722470142311
-0.09198941242768938
-0.07797757979286922
0.019714974532048107
-0.2424579241235831
-0.30047318958944536
-0.11509038566853463
-0.30010520904706717
-0.17319646018219437
-0.07222681672141364
-0.05434063142579732
-0.042510432253515716
-0.03446841339013786
-0.031058120432335218
-0.1893251813506097
-0.18960584863439534
-0.35256098132307584
-0.21097093369505976
-0.1193969862027662
-0.0669942452954375
-0.047183557016218625
-0.03802000191751145
-0.03145834284495364
-0.028160817623113378
-0.10253023063751675
-0.4311284549548145
-0.19294212699381683
-0.9103603642278655
-0.2650631179505985
-0.1333977875133168
-0.06940875760786243
-0.07105841967917258
-0.061684524702041256
-0.05309750674406167
-0.049251607395034334
-0.1497120587850738
0.3319756389097648
-1.8883617621891873
0.20370027299934837
0.11978985434564496
-0.04988370601037842
-0.03899547763783236
-0.039788579929438864
-0.03816953533622026
-0.03544198083597329
-0.1677172765940998
-0.2424579241235831
-0.30047318958944536
-0.11509038566853463
-0.30010520904706717
-0.17319646018219437
-0.07222681672141364
-0.05434063142579732
-0.042510432253515716
-0.03446841339013786
-0.031058120432335218
-0.1893251813506097
-0.18960584863439534
-0.35256098132307584
-0.21097093369505976
-0.1193969862027662
-0.0669942452954375
-0.047183557016218625
-0.03802000191751145
-0.03145834284495364
-0.028160817623113378
-0.10253023063751675
-0.4311284549548145
-0.19294212699381683
-0.9103603642278655
-0.2650631179505985
-0.1333977875133168
-0.06940875760786243
-0.07105841967917258
-0.061684524702041256
-0.05309750674406167
-0.049251607395034334
-0.1497120587850738
0.3319756389097648
-1.8883617621891873
0.20370027299934837
0.11978985434564496
-0.04988370601037842
-0.03899547763783236
-0.039788579929438864
-0.03816953533622026
-0.03544198083597329
-0.1677172765940998
-0.4311284549548145
-0.19294212699381683
-0.9103603642278655
-0.2650631179505985
-0.1333977875133168
-0.06940875760786243
-0.07105841967917258
-0.061684524702041256
-0.05309750674406167
-0.049251607395034334
-0.1497120587850738
0.3319756389097648
-1.8883617621891873
0.20370027299934837
0.11978985434564496
-0.04988370601037842
-0.03899547763783236
-0.039788579929438864
-0.03816953533622026
-0.03544198083597329
-0.1677172765940998
