-0.10871712149012623
-0.14415301702369493
0.34237316629371484
-0.11692655233412426
-0.10057210134964917
-0.015053502768182554
-0.022031566670401737
-0.016110181374552474
-0.013267107837454406
-0.012418590340356457
0.07127789441556226
0.24926290092015221
-0.4681538898111422
0.21453411552437027
0.07785008746598414
0.008540824118630167
0.0004154830436140808
-0.002446896575601861
-0.0038669822771780836
-0.003714824808533278
0.0034422609220421695
0.14235240013710343
0.19795691886259004
0.0774247840370683
0.18960549820847375
0.1302862800716523
0.05011897701053311
0.03795519844673717
0.029042011845866373
0.02350797356719597
0.021138717370722104
0.10249165898951722
0.11736332851636189
0.24341813797765413
0.1268020222129227
0.08455402529992204
0.045442103423502196
0.032304905550525065
0.0255658230470947
0.021136712929514984
0.018884168479751
0.037676286703529765
1.4600553888864238
-0.3306309316151236
0.02770255539625768
0.6636901651833332
-1.7251117401592735
-0.397741377396381
-0.2797413116843628
-0.1542840204714052
-0.12083217573316196
-0.10239674407497298
1.3197881885822
-0.4922974578556198
0.12818742714201778
0.7101610158016695
-1.3702207084329985
-0.4334184683572205
-0.2420002933280624
-0.135898694215118
-0.10657888703536654
-0.09187616452444933
0.02616985091774626
-0.21359131837258571
-0.30454747070041815
-0.11971683336548972
-0.2888451675972615
-0.20801942760744827
-0.07903436022427437
-0.05976071592661216
-0.04549204415339813
-0.03681098618527258
-0.03307578896535173
-0.1528368055723719
-0.18192075969014923
-0.37452674528145946
-0.1917898263093871
-0.13607198679494012
-0.07199439578233392
-0.050905815244049676
-0.04005992471812752
-0.03309888104102086
-0.029558950243212933
-0.10089896735077553
-0.3733573487194289
-0.18234896557874442
-0.9550350547875501
-0.22789036247797048
-0.21362284243803162
-0.08779644448498694
-0.08714689308069345
-0.0718161711714607
-0.061403074830576464
-0.056630254814833095
-0.06420004334681317
0.3717935020670044
-1.9886376050728007
0.2507445879909493
0.1081760450087737
-0.05789927280312197
-0.05097072752881332
-0.04733294515228713
-0.04445742475993176
-0.04088245859110015
-0.164285707324387
-0.21359131837258571
-0.30454747070041815
-0.11971683336548972
-0.2888451675972615
-0.20801942760744827
-0.07903436022427437
-0.05976071592661216
-0.04549204415339813
-0.03681098618527258
-0.03307578896535173
-0.1528368055723719
-0.18192075969014923
-0.37452674528145946
-0.1917898263093871
-0.13607198679494012
-0.07199439578233392
-0.050905815244049676
-0.04005992471812752
-0.03309888104102086
-0.029558950243212933
-0.10089896735077553
-0.3733573487194289
-0.18234896557874442
-0.9550350547875501
-0.22789036247797048
-0.21362284243803162
-0.08779644448498694
-0.08714689308069345
-0.0718161711714607
-0.061403074830576464
-0.056630254814833095
-0.06420004334681317
0.3717935020670044
-1.9886376050728007
0.2507445879909493
0.1081760450087737
-0.05789927280312197
-0.05097072752881332
-0.04733294515228713
-0.04445742475993176
-0.04088245859110015
-0.164285707324387
-0.3733573487194289
-0.18234896557874442
-0.9550350547875501
-0.22789036247797048
-0.21362284243803162
-0.08779644448498694
-0.08714689308069345
-0.0718161711714607
-0.061403074830576464
-0.056630254814833095
-0.06420004334681317
0.3717935020670044
-1.9886376050728007
0.2507445879909493
0.1081760450087737
-0.05789927280312197
-0.05097072752881332
-0.04733294515228713
-0.04445742475993176
-0.04088245859110015
-0.164285707324387
