-0.006123261475559
0.004128243283326
0.003075659070065
0.004033304224324
0.006123261475559
0.000000000000020
-0.006123261475553
-0.006123261475378
-0.006123261475560
0.000281395089016
-0.000000000000001
0.000000000000000
-0.005554166291627
-0.005554166291627
0.006123261475560
-0.006123261475553
-0.005337509710817
-0.006123261475507
0.006123261475560
-0.006123261475548
0.000033465753404
0.006123261475560
0.006123261475559
-0.002672025444132
0.004440017000503
0.006123261475532
-0.000000000000002
0.006123261475558
0.006123261475559
0.006123261475559
0.006123261475559
0.000000000000000
0.000000000000000
0.002828793982829
0.002828793982829
0.006123261475554
0.006123261475559
0.006123261475559
0.006123261475559
0.006123261475559
0.006123261475559
0.000064890192864
-0.003589403852981
-0.011915281101167
0.005034537975416
0.002332304144048
0.039025582206009
-0.000000000000057
0.073609165572114
-0.097972183608954
-0.097972183608954
0.097972183608874
0.000000000000002
0.000000000000000
-0.000238416878500
-0.000238416878500
0.097972183608952
-0.097972183608949
-0.097972183608936
-0.097972183608948
-0.097972183608953
-0.097972183608954
0.000185198272934
-0.012246522951077
-0.001350101951604
0.009442868012231
0.000604840016151
-0.012246522951087
0.000000000000017
-0.012246522951083
-0.012246522951086
-0.012246522951111
-0.012246522951094
-0.000000000000001
0.000000000000000
0.006764010494412
0.006764010494412
-0.012246522951012
-0.012246522951063
-0.012246522951068
-0.012246522951116
-0.012246522951058
-0.012246522951113
-0.000197880440860
0.221853055113104
-0.015393186545885
-0.010369224069444
0.006961627661662
0.089682429536866
0.000000000000000
-0.391888734435814
-0.391888734435814
-0.391888734435814
-0.391888734435814
0.000000000000000
0.000000000000000
-0.012579791026765
-0.012579791026765
0.294588155880509
0.130455566971668
-0.391888734435814
-0.391888734435814
-0.391888734435814
-0.391888734435814
-0.000826535131007
-0.012246522951077
-0.001350101951604
0.009442868012231
0.000604840016151
-0.012246522951087
0.000000000000017
-0.012246522951083
-0.012246522951086
-0.012246522951111
-0.012246522951094
-0.000000000000001
0.000000000000000
0.006764010494412
0.006764010494412
-0.012246522951012
-0.012246522951063
-0.012246522951068
-0.012246522951116
-0.012246522951058
-0.012246522951113
-0.000197880440860
0.221853055113104
-0.015393186545885
-0.010369224069444
0.006961627661662
0.089682429536866
0.000000000000000
-0.391888734435814
-0.391888734435814
-0.391888734435814
-0.391888734435814
0.000000000000000
0.000000000000000
-0.012579791026765
-0.012579791026765
0.294588155880509
0.130455566971668
-0.391888734435814
-0.391888734435814
-0.391888734435814
-0.391888734435814
-0.000826535131007
0.221853055113104
-0.015393186545885
-0.010369224069444
0.006961627661662
0.089682429536866
0.000000000000000
-0.391888734435814
-0.391888734435814
-0.391888734435814
-0.391888734435814
0.000000000000000
0.000000000000000
-0.012579791026765
-0.012579791026765
0.294588155880509
0.130455566971668
-0.391888734435814
-0.391888734435814
-0.391888734435814
-0.391888734435814
-0.000826535131007
-0.316232535998734
0.079644634039248
-0.052795939986465
0.071231820359775
-0.391888734435814
-0.000000000000036
0.391888734435814
0.391888734435814
0.391888734435814
0.391888734435814
0.000000000000001
0.000000000000000
0.001896088973683
0.001896088973683
-0.101641409509116
-0.212806081707665
0.391888734435814
0.391888734435814
0.391888734435814
0.391888734435814
-0.000108280078207
-0.194268956258329
0.011676123340615
0.039187306395215
-0.167918730961910
2.502028236037505
-0.000000000000201
-12.540439501946063
-12.540439501946063
4.073362968534104
12.540439501946063
0.000000000000005
0.000000000000000
0.011458791507387
0.011458791507387
-0.846780837827707
4.692771323553284
-12.540439501946063
12.540439501946063
-6.147667161374757
12.540439501946063
0.000117564404904
0.248126748604261
-0.059926528862840
0.025147934625446
-0.074742368504181
0.594319992598258
0.000000000000084
-1.567554937743258
1.567554937743258
-0.123983919445968
1.567554937743258
-0.000000000000003
0.000000000000000
0.014716039830676
0.014716039830676
0.250805931555272
-1.567554937743258
-1.567554937743258
-0.361686585226609
1.567554937743258
-1.567554937743258
-0.000107050809531
-0.012246522951119
-0.007421203701208
-0.005586667783139
-0.010326797715147
0.012246522951119
-0.000000000000026
0.012246522951119
0.012246522951119
0.012246522951119
0.012246522951119
0.000000000000001
0.000000000000000
-0.012246522951119
-0.012246522951119
0.009238997230225
0.012246522951119
0.012246522951119
0.012246522951119
0.012246522951119
0.012246522951119
-0.002130431389043
