-0.09770847280996244
-0.13030016755341808
0.3206735487715649
-0.10124220332890738
-0.09169299439011339
-0.014802370768045298
-0.02015515870123873
-0.014706746088748446
-0.012051999576341526
-0.011231168898836803
0.06587917315457659
0.22669062226626038
-0.42626961098593075
0.20310307136995787
0.06069377364169484
0.005217212285551075
0.0004850820215294702
-0.0021237530161667597
-0.003473331060431145
-0.0033918145863027927
0.004239128831073867
0.168780520844146
0.20079277723085615
0.06810356692685043
0.20193992401327557
0.11086585490663499
0.0470468991022647
0.03566733309293528
0.028116785660273227
0.022825250095802066
0.02060153347462346
0.128839876312545
0.11523826974335362
0.2411331369684699
0.1327097639680243
0.07237289432907236
0.04285931083825085
0.030472656965823786
0.024845709658887504
0.020644665659616455
0.01851339641092061
0.03893817822204599
1.434822960054288
-0.3436460048852844
0.009970523217704785
0.5810382406814942
-1.5734451198223363
-0.35391283584673083
-0.24771517830195922
-0.13267038406768794
-0.10184089851231319
-0.0853387601871707
1.3593230031388908
-0.5123336817284406
0.1118243534480612
0.6052292021125507
-1.2555019275912103
-0.38774874173468693
-0.22023958458431211
-0.11850397003785111
-0.09002601779331336
-0.07604825327937341
0.01901577469034195
-0.26749193880719285
-0.3131436487687366
-0.09725371278569145
-0.3156731368013445
-0.16890846821703476
-0.07199065570035826
-0.054868656486047315
-0.043406400448236834
-0.03525898655972289
-0.03185222863529134
-0.20095023604850237
-0.16847122438505327
-0.37993161606353437
-0.19741405857819735
-0.10597697993148769
-0.06482263714821099
-0.0463407535161052
-0.03803464531641076
-0.03168328017645679
-0.028436973152600454
-0.10285248479312728
-0.4732250618910869
-0.20438118940476369
-0.8794638257820626
-0.2865247056857279
-0.13753556769697695
-0.0731188761692667
-0.07485043199502503
-0.06529549449955258
-0.056143815739628664
-0.05211213722340592
-0.17035719983902328
0.3677212373656631
-1.9353368351751545
0.24044162794252386
0.13305121916033227
-0.05019470599590946
-0.04014558483233183
-0.04164686936257936
-0.04011400114944298
-0.03732644833508131
-0.16689014890923515
-0.26749193880719285
-0.3131436487687366
-0.09725371278569145
-0.3156731368013445
-0.16890846821703476
-0.07199065570035826
-0.054868656486047315
-0.043406400448236834
-0.03525898655972289
-0.03185222863529134
-0.20095023604850237
-0.16847122438505327
-0.37993161606353437
-0.19741405857819735
-0.10597697993148769
-0.06482263714821099
-0.0463407535161052
-0.03803464531641076
-0.03168328017645679
-0.028436973152600454
-0.10285248479312728
-0.4732250618910869
-0.20438118940476369
-0.8794638257820626
-0.2865247056857279
-0.13753556769697695
-0.0731188761692667
-0.07485043199502503
-0.06529549449955258
-0.056143815739628664
-0.05211213722340592
-0.17035719983902328
0.3677212373656631
-1.9353368351751545
0.24044162794252386
0.13305121916033227
-0.05019470599590946
-0.04014558483233183
-0.04164686936257936
-0.04011400114944298
-0.03732644833508131
-0.16689014890923515
-0.4732250618910869
-0.20438118940476369
-0.8794638257820626
-0.2865247056857279
-0.13753556769697695
-0.0731188761692667
-0.07485043199502503
-0.06529549449955258
-0.056143815739628664
-0.05211213722340592
-0.17035719983902328
0.3677212373656631
-1.9353368351751545
0.24044162794252386
0.13305121916033227
-0.05019470599590946
-0.04014558483233183
-0.04164686936257936
-0.04011400114944298
-0.03732644833508131
-0.16689014890923515
