-0.006347630347072
0.000236277113070
0.001992580479763
-0.005670866588387
0.090920705371750
0.000000000000720
-1.059415304872818
0.940075787537027
0.582789494454333
-0.073240386544074
0.000000000000002
-0.000000000000001
-0.001026236929035
-0.001026236929035
0.101123140170497
-0.843088101454906
0.179804144668596
-0.039552289657575
1.061425407156964
-0.491944767887911
0.000001226157783
0.013567742070552
-0.001230574553545
0.000348535699282
0.000268121843982
-0.008139435802224
-0.000000000000292
0.033169575079629
0.033169575079666
0.033169575079618
0.033169575079666
-0.000000000000001
0.000000000000000
0.000162413789302
0.000162413789302
-0.011109187271851
0.033169575079539
0.033169575079597
0.033169575079632
0.033169575079623
0.033169575079634
0.000024953452091
-0.028513835838916
0.001223005789201
-0.001150971059525
0.005053176792051
-0.157943860499782
0.000000000028038
4.042946581850120
-4.039983701704368
-4.245705610197565
4.245705610197565
0.000000000000065
-0.000000000000019
0.000269435451047
0.000269435451047
0.023306804871031
-1.096036095232315
4.245705610197565
-3.618653911184664
-4.245705610197565
4.245705610197565
-0.000008338300431
0.003919904070165
0.001000275322256
0.002751758934361
0.000498385209115
0.020158571582203
-0.000000000010923
-0.033169575079668
-0.033169575079668
-0.033169575079668
-0.033169575079668
-0.000000000000025
0.000000000000010
0.004091035468822
0.004091035468822
0.001698386072596
-0.033169575078242
-0.033169575079668
-0.033169575079668
-0.033169575079668
-0.033169575079668
0.000011323294302
0.020700760546607
0.006128981643358
-0.011239732650033
0.027307874527594
-0.595434256202656
-0.000000000053705
16.868787218652045
-2.512477790629829
-16.175555546580721
-15.902187199943064
-0.000000000000117
0.000000000000043
-0.007240088854353
-0.007240088854353
0.703079926434055
-0.956471169877701
-16.982048045333414
2.454347131071266
16.982817408709995
16.281670275145402
-0.000125184423623
0.003919904070165
0.001000275322256
0.002751758934361
0.000498385209115
0.020158571582203
-0.000000000010923
-0.033169575079668
-0.033169575079668
-0.033169575079668
-0.033169575079668
-0.000000000000025
0.000000000000010
0.004091035468822
0.004091035468822
0.001698386072596
-0.033169575078242
-0.033169575079668
-0.033169575079668
-0.033169575079668
-0.033169575079668
0.000011323294302
0.020700760546607
0.006128981643358
-0.011239732650033
0.027307874527594
-0.595434256202656
-0.000000000053705
16.868787218652045
-2.512477790629829
-16.175555546580721
-15.902187199943064
-0.000000000000117
0.000000000000043
-0.007240088854353
-0.007240088854353
0.703079926434055
-0.956471169877701
-16.982048045333414
2.454347131071266
16.982817408709995
16.281670275145402
-0.000125184423623
0.020700760546607
0.006128981643358
-0.011239732650033
0.027307874527594
-0.595434256202656
-0.000000000053705
16.868787218652045
-2.512477790629829
-16.175555546580721
-15.902187199943064
-0.000000000000117
0.000000000000043
-0.007240088854353
-0.007240088854353
0.703079926434055
-0.956471169877701
-16.982048045333414
2.454347131071266
16.982817408709995
16.281670275145402
-0.000125184423623
-0.033169575079645
0.010737674928263
-0.008514217820816
0.009887522475586
-0.033169574978445
0.000000000023999
-0.029618266737906
0.033169575064643
0.033169575077343
0.033169575073733
0.000000000000056
-0.000000000000022
0.000308453732922
0.000308453732922
-0.021437949336334
0.033169575032018
0.033169575078814
0.033169575079666
0.033169575079523
0.033169575079287
-0.000083753654194
-0.024380406817647
-0.001698586981832
0.008831827058219
-0.029700034664778
0.436093839150883
0.000000000000344
-2.122852805098782
-2.122852805098782
0.548349981202696
2.122852805098782
-0.000000000000001
-0.000000000000002
0.001960403654727
0.001960403654727
-0.157594041731853
0.856378170387596
-2.122852805098782
2.122852805098782
-1.015136538037878
2.122852805098782
0.000037449872381
0.029748509706788
-0.006827233652417
0.002424613720341
-0.009843111737249
0.066339150159299
-0.000000000013947
0.066339150159337
0.066339150159336
-0.066339150159220
-0.040548474410241
-0.000000000000033
0.000000000000012
0.003448731493908
0.003448731493908
-0.013322494476948
-0.066339150159337
-0.066339150159337
-0.066339150159337
-0.066339150159337
-0.066339150159337
0.000010324821865
-0.053183870444246
0.004947280334177
-0.004894214202512
0.008820655293556
-0.125448605132124
-0.000000000027170
0.265356600637348
0.265356600637348
0.265356600637348
0.265356600637348
-0.000000000000056
0.000000000000025
-0.002362878663095
-0.002362878663095
0.058413730319778
-0.223406242165998
-0.265356600637348
-0.216669680707370
0.265356600637348
0.265356600637348
-0.000294532650687
0.016348031182435
0.003383931952302
0.002401729277539
-0.005551873331607
-0.110658933445962
-0.000000000021591
4.244941098837975
-0.844335360859508
-4.245701644745052
-3.227243706963468
-0.000000000000044
0.000000000000020
0.002479932822869
0.002479932822869
-0.120523216160355
-1.041806219261727
3.972461692092614
-4.090364369780681
0.319640149850416
3.777702161738377
0.000030512129007
0.100854152469925
-0.011465009693331
0.005776191960495
-0.012439122040356
0.188498569167187
0.000000000043869
-3.524941732880269
4.245705099013769
2.130467633962192
-2.704567500601176
0.000000000000099
-0.000000000000032
0.000407899151912
0.000407899151912
-0.191606719140712
-0.139902283283550
4.245178151111171
1.379726158200197
-4.244803202833523
-3.335774442157740
-0.000131342502217
