0.068606123567729
-0.157973420283907
0.154515390993635
-0.131877742848869
-0.013722462858545
-0.000000000000000
0.012888160954133
0.013695279956872
0.010222652870968
0.008619675275804
0.235753600151910
0.015579871123751
-0.255808448684971
-0.255808448684971
0.262086923234946
0.065930804121624
0.047786819057740
0.033388939880283
0.023716804397232
0.019722272185448
-0.010023478748657
0.174186071641897
0.031522257463984
0.037095363213790
0.041497235009799
0.061934336009759
-0.000000000000000
0.032477857205183
0.028217566462663
0.022115313834325
0.019214248641078
0.222633834806609
-0.011017313361595
0.092804321812323
0.092804321812323
0.225716599659188
0.072748213726267
0.051375245244816
0.038828407296481
0.029218610864720
0.024866403006890
0.010934510176572
1.285622377876983
-0.481393507463407
-0.026508404204390
0.080311582595855
-0.771503705687397
0.000000000000000
-0.087760179627632
-0.015637243428534
-0.011455583295431
-0.006348779167832
1.475089536855885
-0.679526549729843
0.032930105756251
0.032930105756251
-0.076970059905007
0.050206797810211
0.010103258135820
0.036377885485604
0.026279575675643
0.023055293279521
-0.024890339396885
-0.271339642722325
-0.017417931160788
-0.072674369404656
-0.034345302797850
-0.093071961485382
0.000000000000000
-0.051553184951190
-0.045061847126265
-0.035239088950043
-0.030570449788069
-0.371996352792421
0.013048078335142
-0.106480402617797
-0.106480402617797
-0.386107016090295
-0.121137324171062
-0.085780874427457
-0.064311458212014
-0.048158605877158
-0.040901183021217
-0.036717507036126
-0.155818357481507
-0.065151477072611
-0.549331950798586
-0.119848183655472
0.018332995142441
0.000000000000000
-0.011383414638117
-0.013323803410921
-0.012834460773585
-0.012292289085540
-0.000602709287355
0.078177799600737
-0.913536532829099
-0.913536532829099
0.168722134341075
0.001071925335408
0.006410570948684
-0.002099996746292
-0.004618519780526
-0.005245607699064
-0.088978585457456
-0.271339642722325
-0.017417931160788
-0.072674369404656
-0.034345302797850
-0.093071961485382
0.000000000000000
-0.051553184951190
-0.045061847126265
-0.035239088950043
-0.030570449788069
-0.371996352792421
0.013048078335142
-0.106480402617797
-0.106480402617797
-0.386107016090295
-0.121137324171062
-0.085780874427457
-0.064311458212014
-0.048158605877158
-0.040901183021217
-0.036717507036126
-0.155818357481507
-0.065151477072611
-0.549331950798586
-0.119848183655472
0.018332995142441
0.000000000000000
-0.011383414638117
-0.013323803410921
-0.012834460773585
-0.012292289085540
-0.000602709287355
0.078177799600737
-0.913536532829099
-0.913536532829099
0.168722134341075
0.001071925335408
0.006410570948684
-0.002099996746292
-0.004618519780526
-0.005245607699064
-0.088978585457456
-0.155818357481507
-0.065151477072611
-0.549331950798586
-0.119848183655472
0.018332995142441
0.000000000000000
-0.011383414638117
-0.013323803410921
-0.012834460773585
-0.012292289085540
-0.000602709287355
0.078177799600737
-0.913536532829099
-0.913536532829099
0.168722134341075
0.001071925335408
0.006410570948684
-0.002099996746292
-0.004618519780526
-0.005245607699064
-0.088978585457456
