0.007527335570693
-0.144921372287769
0.154160754176730
-0.132322695381010
0.002830001444287
-0.000000000000000
0.010835838720838
0.012473472238281
0.008519521811186
0.005925043162113
0.184443942169363
0.035609060842608
-0.252637858420023
-0.252637858420023
0.274314030817246
0.063054794714607
0.043491456310339
0.029715155840228
0.021221653551657
0.017463683798184
-0.009518764851536
0.167974152298578
0.038789352369638
0.029718334822893
0.049127967534728
0.067251445886818
-0.000000000000000
0.032510205081106
0.028171934661116
0.021395212078673
0.017642261996708
0.213277565538713
-0.013649966458619
0.097903092836828
0.097903092836828
0.193936379169941
0.066619506498001
0.045419513464809
0.033522929686079
0.026502887565673
0.022423472126414
0.011059877643120
1.124463568434347
-0.524768504000666
-0.020155200616764
0.004963321291249
-0.547578639508024
-0.000000000000000
-0.051630066849576
0.006304577984322
0.002280990935151
-0.005556056378553
1.261585193850327
-0.571139059402832
-0.088062034603929
-0.088062034603929
-0.103387893479990
0.064349867351318
0.006417082050338
0.014498855926114
0.024878170135765
0.018203572524311
-0.034741900766591
-0.265611017067377
-0.050107540893094
-0.051701325769743
-0.064609986553523
-0.098998515938688
-0.000000000000000
-0.049995005827051
-0.043804014443699
-0.033216815421340
-0.027305601732498
-0.342729163230054
0.026046080441510
-0.143931885208582
-0.143931885208582
-0.307688686873914
-0.105243552711640
-0.071506327592152
-0.052753321941430
-0.041711893054055
-0.035254829918165
-0.038632256819531
-0.171624509067142
-0.159346595845736
-0.503796519357930
-0.192439752941681
-0.019214980386436
0.000000000000000
-0.021137809562742
-0.015571009732878
-0.014222287628567
-0.014254474851194
0.060680576305790
0.108501064995109
-1.003446565701727
-1.003446565701727
0.308555913746536
0.025134781238257
0.019711130584493
0.009122578828639
0.002136545165143
0.000188747178580
-0.096444376297257
-0.265611017067377
-0.050107540893094
-0.051701325769743
-0.064609986553523
-0.098998515938688
-0.000000000000000
-0.049995005827051
-0.043804014443699
-0.033216815421340
-0.027305601732498
-0.342729163230054
0.026046080441510
-0.143931885208582
-0.143931885208582
-0.307688686873914
-0.105243552711640
-0.071506327592152
-0.052753321941430
-0.041711893054055
-0.035254829918165
-0.038632256819531
-0.171624509067142
-0.159346595845736
-0.503796519357930
-0.192439752941681
-0.019214980386436
0.000000000000000
-0.021137809562742
-0.015571009732878
-0.014222287628567
-0.014254474851194
0.060680576305790
0.108501064995109
-1.003446565701727
-1.003446565701727
0.308555913746536
0.025134781238257
0.019711130584493
0.009122578828639
0.002136545165143
0.000188747178580
-0.096444376297257
-0.171624509067142
-0.159346595845736
-0.503796519357930
-0.192439752941681
-0.019214980386436
0.000000000000000
-0.021137809562742
-0.015571009732878
-0.014222287628567
-0.014254474851194
0.060680576305790
0.108501064995109
-1.003446565701727
-1.003446565701727
0.308555913746536
0.025134781238257
0.019711130584493
0.009122578828639
0.002136545165143
0.000188747178580
-0.096444376297257
