0.002
0.002
0.002
0.002
0.002
0.002
0.002
0.002
-0.001
-0.001
-0.001
-0.001
-0.001
-0.001
-0.001
0.011
0.011
0.01
0.01
0.011
0.011
0.01
0.011
-0.014
-0.015
-0.014
-0.014
-0.015
-0.015
-0.014
0.001
0.0
0.001
0.0
0.001
0.0
0.001
0.0
-0.027
-0.027
-0.026
-0.026
-0.027
-0.027
-0.026
-0.011
-0.011
-0.011
-0.011
-0.011
-0.011
-0.011
-0.011
-0.016
-0.016
-0.016
-0.015
-0.016
-0.016
-0.016
-0.002
-0.002
-0.002
-0.002
-0.002
-0.002
-0.002
-0.002
-0.002
-0.002
-0.002
-0.002
-0.002
-0.002
-0.002
-0.0
-0.0
-0.0
-0.0
-0.0
-0.0
-0.0
-0.0
-0.0
-0.0
-0.0
-0.0
-0.0
-0.0
-0.0
-0.0
-0.0
-0.0
-0.0
-0.0
-0.0
-0.0
-0.0
-0.0
-0.0
-0.0
-0.0
-0.0
-0.0
-0.0
-0.0
-0.0
-0.0
-0.0
-0.0
-0.0
-0.0
-0.0
-0.0
-0.0
-0.0
-0.0
-0.0
-0.0
-0.0
-0.0
-0.0
-0.0
-0.0
-0.0
-0.0
-0.0
-0.0
-0.0
-0.0
-0.0
-0.0
-0.0
-0.0
-0.0
-0.0
-0.0
-0.0
-0.0
-0.0
-0.0
-0.0
-0.0
-0.0
-0.0
-0.0
-0.0
-0.0
-0.0
-0.0
0.002
0.002
0.002
0.002
0.002
0.002
0.002
0.002
0.001
0.001
0.001
0.001
0.001
0.001
0.001
0.008
0.008
0.008
0.008
0.008
0.008
0.008
0.008
0.012
0.012
0.012
0.012
0.012
0.012
0.012
0.0
0.0
0.0
0.0
0.0
0.0
0.0
0.0
0.02
0.02
0.021
0.021
0.02
0.02
0.021
-0.008
-0.008
-0.009
-0.009
-0.009
-0.009
-0.009
-0.009
0.013
0.013
0.013
0.013
0.013
0.013
0.013
-0.002
-0.002
-0.002
-0.002
-0.002
-0.002
-0.002
-0.002
0.002
0.002
0.002
0.002
0.002
0.002
0.002
-0.0
-0.0
-0.0
-0.0
-0.0
-0.0
-0.0
-0.0
0.0
0.0
0.0
0.0
0.0
0.0
0.0
-0.0
-0.0
-0.0
-0.0
-0.0
-0.0
-0.0
-0.0
0.0
0.0
0.0
0.0
0.0
0.0
0.0
-0.0
-0.0
-0.0
-0.0
-0.0
-0.0
-0.0
-0.0
0.0
0.0
0.0
0.0
0.0
0.0
0.0
-0.0
-0.0
-0.0
-0.0
-0.0
-0.0
-0.0
-0.0
0.0
0.0
0.0
0.0
0.0
0.0
0.0
-0.0
-0.0
-0.0
-0.0
-0.0
-0.0
-0.0
-0.0
0.0
0.0
0.0
0.0
0.0
0.0
0.0
-0.001
-0.001
-0.001
-0.001
-0.001
-0.001
-0.001
-0.001
0.002
0.002
-0.002
-0.002
0.002
0.002
-0.002
