-1.323744085331340
0.195777376190449
-0.049347354438528
-0.001684821985284
-0.539824389686747
-2.914957076929503
4.088215346269270
10.811062558297831
4.419186694564337
2.468817014930532
0.049325754781084
0.080797272416258
-0.143574855914049
0.306410284108006
-1.089718470356298
-16.407708336469152
6.370282504938912
8.051500740249864
5.455449369011346
5.141293988399355
-0.000544700120303
-0.041531311242871
-0.000838784887361
0.001406006591957
0.007141172966110
-0.328155854324690
-1.002487023219770
1.972723486921429
2.736006735235620
1.858923482871626
1.642173009743350
0.170351974810589
-0.019518061785514
0.012130421184731
-0.014929531870896
0.167422070909360
-0.079393051890140
-1.642933500167522
0.368122762965631
0.254018596312669
0.360007248518060
0.000262463440450
3.959041177163385
-0.709737829223690
0.599835684407007
-1.011707565978555
10.532231493493962
-60.618087175617106
2.708743488839864
37.524420022241152
-0.803262854666745
-9.014483401855211
-5.359327930490931
0.481465933336796
-0.220593153183502
0.810489284714119
-12.318077210633593
13.822743965973284
20.736344056828379
50.510654710027076
2.416647613821254
-7.872385329997538
0.003237082316759
0.412616630110402
0.074660692676995
0.066302691471407
0.088346072841551
0.820781984195561
1.701210888344914
-3.907833324988191
-6.146321970306126
-3.588988629968190
-2.911454206420504
-0.531935282892031
0.165856635707547
0.095075722815856
0.090851299026569
0.320258060609649
0.831919335746704
0.968745530317129
-2.502270262634324
-1.406817663631580
-1.363129366960800
0.000223877989949
-1.643905275682376
0.600864733554394
-0.514910865785211
0.547362182136389
-1.812325283303099
3.916524378718263
1.962731555946440
-0.595294727123990
2.373070657793062
3.002252879339917
-0.320486038613370
0.652075111572106
-0.684606291647425
0.584135578791458
0.622096472042102
-2.569565210748657
-5.600821906045566
-5.608270656482256
-0.491386545269041
0.832820990945375
-0.007661319545475
0.412616630110402
0.074660692676995
0.066302691471407
0.088346072841551
0.820781984195561
1.701210888344914
-3.907833324988191
-6.146321970306126
-3.588988629968190
-2.911454206420504
-0.531935282892031
0.165856635707547
0.095075722815856
0.090851299026569
0.320258060609649
0.831919335746704
0.968745530317129
-2.502270262634324
-1.406817663631580
-1.363129366960800
0.000223877989949
-1.643905275682376
0.600864733554394
-0.514910865785211
0.547362182136389
-1.812325283303099
3.916524378718263
1.962731555946440
-0.595294727123990
2.373070657793062
3.002252879339917
-0.320486038613370
0.652075111572106
-0.684606291647425
0.584135578791458
0.622096472042102
-2.569565210748657
-5.600821906045566
-5.608270656482256
-0.491386545269041
0.832820990945375
-0.007661319545475
-1.643905275682376
0.600864733554394
-0.514910865785211
0.547362182136389
-1.812325283303099
3.916524378718263
1.962731555946440
-0.595294727123990
2.373070657793062
3.002252879339917
-0.320486038613370
0.652075111572106
-0.684606291647425
0.584135578791458
0.622096472042102
-2.569565210748657
-5.600821906045566
-5.608270656482256
-0.491386545269041
0.832820990945375
-0.007661319545475
