0.002222360430000
0.002222360430000
0.002213582380000
0.002213582380000
0.002240612670000
0.002240612670000
0.002231830360000
0.002231830360000
-0.001428770310000
-0.001437548360000
-0.001428770310000
-0.001437548360000
-0.001440128310000
-0.001448910620000
-0.001440128310000
0.010502600100000
0.010502600100000
0.010391652300000
0.010391652300000
0.010555255400000
0.010555255400000
0.010444280700000
0.010444280700000
-0.014472659000000
-0.014583606800000
-0.014472659000000
-0.014583606800000
-0.014539844200000
-0.014650818900000
-0.014539844200000
0.000385259900000
0.000385259900000
0.000380791800000
0.000380791800000
0.000387153000000
0.000387153000000
0.000382065500000
0.000382065500000
-0.026606934100000
-0.026611402200000
-0.026606934100000
-0.026611402200000
-0.026666766800000
-0.026671854300000
-0.026666766800000
-0.010741384800000
-0.010741384800000
-0.010638877300000
-0.010638877300000
-0.010794817900000
-0.010794817900000
-0.010690944400000
-0.010690944400000
-0.015510575000000
-0.015408067500000
-0.015510575000000
-0.015408067500000
-0.015580528100000
-0.015476654600000
-0.015580528100000
-0.002201158290000
-0.002201158290000
-0.002190796710000
-0.002190796710000
-0.002220021870000
-0.002220021870000
-0.002209044020000
-0.002209044020000
-0.001542886050000
-0.001532524470000
-0.001542886050000
-0.001532524470000
-0.001554458690000
-0.001543480840000
-0.001554458690000
-0.000467406040000
-0.000467406040000
-0.000466062160000
-0.000466062160000
-0.000471794890000
-0.000471794890000
-0.000470319650000
-0.000470319650000
-0.000316307560000
-0.000314963680000
-0.000316307560000
-0.000314963680000
-0.000318697760000
-0.000317222520000
-0.000318697760000
-0.000287369560000
-0.000287369560000
-0.000286791150000
-0.000286791150000
-0.000290145800000
-0.000290145800000
-0.000289498760000
-0.000289498760000
-0.000156192470000
-0.000155614060000
-0.000156192470000
-0.000155614060000
-0.000157627270000
-0.000156980230000
-0.000157627270000
-0.000174511350000
-0.000174511350000
-0.000174134050000
-0.000174134050000
-0.000176078130000
-0.000176078130000
-0.000175661520000
-0.000175661520000
-0.000112386380000
-0.000112009080000
-0.000112386380000
-0.000112009080000
-0.000113203210000
-0.000112786600000
-0.000113203210000
-0.000103851471000
-0.000103851471000
-0.000103699171000
-0.000103699171000
-0.000104928787000
-0.000104928787000
-0.000104749904000
-0.000104749904000
-0.000058343009000
-0.000058190709000
-0.000058343009000
-0.000058190709000
-0.000058851340000
-0.000058672457000
-0.000058851340000
-0.000076917878000
-0.000076917878000
-0.000076833483000
-0.000076833483000
-0.000077779593000
-0.000077779593000
-0.000077670852000
-0.000077670852000
-0.000038396421000
-0.000038312026000
-0.000038396421000
-0.000038312026000
-0.000038800583000
-0.000038691842000
-0.000038800583000
0.002024687400000
0.002024687400000
0.002032933740000
0.002032933740000
0.002041407280000
0.002041407280000
0.002049745890000
0.002049745890000
0.001356873940000
0.001365120280000
0.001356873940000
0.001365120280000
0.001368307390000
0.001376646000000
0.001368307390000
0.008297019200000
0.008297019200000
0.008382847000000
0.008382847000000
0.008342672100000
0.008342672100000
0.008430722500000
0.008430722500000
0.011836054700000
0.011921882500000
0.011836054700000
0.011921882500000
0.011897190900000
0.011985241300000
0.011897190900000
0.000283879800000
0.000283879800000
0.000289521100000
0.000289521100000
0.000282898500000
0.000282898500000
0.000287776100000
0.000287776100000
0.020741196900000
0.020746838200000
0.020741196900000
0.020746838200000
0.020808890500000
0.020813768100000
0.020808890500000
-0.008536643900000
-0.008536643900000
-0.008627587300000
-0.008627587300000
-0.008583138300000
-0.008583138300000
-0.008673750800000
-0.008673750800000
0.013161713600000
0.013070770200000
0.013161713600000
0.013070770200000
0.013228599800000
0.013137987300000
0.013228599800000
-0.001965593280000
-0.001965593280000
-0.001974142320000
-0.001974142320000
-0.001982927210000
-0.001982927210000
-0.001991002710000
-0.001991002710000
0.001435230130000
0.001426681090000
0.001435230130000
0.001426681090000
0.001446744880000
0.001438669380000
0.001446744880000
-0.000407528510000
-0.000407528510000
-0.000408553420000
-0.000408553420000
-0.000411334620000
-0.000411334620000
-0.000412244820000
-0.000412244820000
0.000292325430000
0.000291300520000
0.000292325430000
0.000291300520000
0.000294650110000
0.000293739910000
0.000294650110000
-0.000276211820000
-0.000276211820000
-0.000276690110000
-0.000276690110000
-0.000278887090000
-0.000278887090000
-0.000279308650000
-0.000279308650000
0.000149138290000
0.000148660000000
0.000149138290000
0.000148660000000
0.000150664780000
0.000150243220000
0.000150664780000
-0.000178127200000
-0.000178127200000
-0.000178450840000
-0.000178450840000
-0.000179687720000
-0.000179687720000
-0.000179976910000
-0.000179976910000
0.000108430610000
0.000108106970000
0.000108430610000
0.000108106970000
0.000109318890000
0.000109029700000
0.000109318890000
-0.000099791418000
-0.000099791418000
-0.000099897867000
-0.000099897867000
-0.000100838610000
-0.000100838610000
-0.000100922109000
-0.000100922109000
0.000054467810000
0.000054361361000
0.000054467810000
0.000054361361000
0.000055028553000
0.000054945054000
0.000055028553000
-0.000075876049000
-0.000075876049000
-0.000075924111000
-0.000075924111000
-0.000076724045000
-0.000076724045000
-0.000076749799000
-0.000076749799000
0.000035352763000
0.000035304701000
0.000035352763000
0.000035304701000
0.000035807156000
0.000035781402000
0.000035807156000
0.000384371000001
0.000384371000001
0.000395605999998
0.000395605999998
0.000371926000003
0.000371926000003
0.000366177000005
0.000366177000005
-0.001045378999998
-0.001034144000001
-0.001045378999998
-0.001034144000001
-0.001023946000001
-0.001029694999999
-0.001023946000001
