0.002166057250000
0.002166057250000
0.002157422330000
0.002157422330000
0.002184037710000
0.002184037710000
0.002175338550000
0.002175338550000
-0.001388371430000
-0.001397006350000
-0.001388371430000
-0.001397006350000
-0.001399829790000
-0.001408528950000
-0.001399829790000
0.010566817600000
0.010566817600000
0.010454315300000
0.010454315300000
0.010620194300000
0.010620194300000
0.010507421300000
0.010507421300000
-0.014480264700000
-0.014592767000000
-0.014480264700000
-0.014592767000000
-0.014549804500000
-0.014662577500000
-0.014549804500000
0.000488651700000
0.000488651700000
0.000480970500000
0.000480970500000
0.000489725500000
0.000489725500000
0.000482056200000
0.000482056200000
-0.026188264800000
-0.026195946000000
-0.026188264800000
-0.026195946000000
-0.026249272800000
-0.026256942100000
-0.026249272800000
-0.010893243600000
-0.010893243600000
-0.010773878200000
-0.010773878200000
-0.010946990200000
-0.010946990200000
-0.010827355400000
-0.010827355400000
-0.015863043500000
-0.015743678100000
-0.015863043500000
-0.015743678100000
-0.015936510000000
-0.015816875200000
-0.015936510000000
-0.002145740000000
-0.002145740000000
-0.002136372390000
-0.002136372390000
-0.002163970510000
-0.002163970510000
-0.002154538890000
-0.002154538890000
-0.001504640200000
-0.001495272590000
-0.001504640200000
-0.001495272590000
-0.001516304880000
-0.001506873260000
-0.001516304880000
-0.000460973070000
-0.000460973070000
-0.000459766210000
-0.000459766210000
-0.000465277320000
-0.000465277320000
-0.000464062510000
-0.000464062510000
-0.000310703730000
-0.000309496870000
-0.000310703730000
-0.000309496870000
-0.000313124030000
-0.000311909220000
-0.000313124030000
-0.000284058290000
-0.000284058290000
-0.000283549580000
-0.000283549580000
-0.000286796440000
-0.000286796440000
-0.000286282290000
-0.000286282290000
-0.000152962030000
-0.000152453320000
-0.000152962030000
-0.000152453320000
-0.000154418940000
-0.000153904790000
-0.000154418940000
-0.000172517120000
-0.000172517120000
-0.000172183080000
-0.000172183080000
-0.000174059700000
-0.000174059700000
-0.000173723230000
-0.000173723230000
-0.000110204880000
-0.000109870840000
-0.000110204880000
-0.000109870840000
-0.000111038960000
-0.000110702490000
-0.000111038960000
-0.000102346470000
-0.000102346470000
-0.000102223553000
-0.000102223553000
-0.000103413524000
-0.000103413524000
-0.000103289320000
-0.000103289320000
-0.000056896945000
-0.000056774028000
-0.000056896945000
-0.000056774028000
-0.000057416264000
-0.000057292060000
-0.000057416264000
-0.000075900479000
-0.000075900479000
-0.000075840485000
-0.000075840485000
-0.000076750508000
-0.000076750508000
-0.000076689464000
-0.000076689464000
-0.000037252991000
-0.000037192997000
-0.000037252991000
-0.000037192997000
-0.000037665588000
-0.000037604544000
-0.000037665588000
0.001983676070000
0.001983676070000
0.001991732860000
0.001991732860000
0.002000201540000
0.002000201540000
0.002008320990000
0.002008320990000
0.001335902770000
0.001343959560000
0.001335902770000
0.001343959560000
0.001347295370000
0.001355414820000
0.001347295370000
0.008401678600000
0.008401678600000
0.008489216600000
0.008489216600000
0.008447854400000
0.008447854400000
0.008535673800000
0.008535673800000
0.012035841900000
0.012123379900000
0.012035841900000
0.012123379900000
0.012101221200000
0.012189040600000
0.012101221200000
0.000237179500000
0.000237179500000
0.000241905600000
0.000241905600000
0.000235683300000
0.000235683300000
0.000240381800000
0.000240381800000
0.020554459000000
0.020559185100000
0.020554459000000
0.020559185100000
0.020623562500000
0.020628261000000
0.020623562500000
-0.008525930900000
-0.008525930900000
-0.008617222800000
-0.008617222800000
-0.008572846600000
-0.008572846600000
-0.008664418000000
-0.008664418000000
0.013110666300000
0.013019374400000
0.013110666300000
0.013019374400000
0.013179990100000
0.013088418700000
0.013179990100000
-0.001927222730000
-0.001927222730000
-0.001935677780000
-0.001935677780000
-0.001943965010000
-0.001943965010000
-0.001952478660000
-0.001952478660000
0.001411750900000
0.001403295850000
0.001411750900000
0.001403295850000
0.001423331650000
0.001414818000000
0.001423331650000
-0.000404091300000
-0.000404091300000
-0.000405147660000
-0.000405147660000
-0.000407840920000
-0.000407840920000
-0.000408902280000
-0.000408902280000
0.000291857160000
0.000290800800000
0.000291857160000
0.000290800800000
0.000294202990000
0.000293141630000
0.000294202990000
-0.000273391340000
-0.000273391340000
-0.000273889540000
-0.000273889540000
-0.000276030210000
-0.000276030210000
-0.000276533570000
-0.000276533570000
0.000148576280000
0.000148078080000
0.000148576280000
0.000148078080000
0.000150112360000
0.000149609000000
0.000150112360000
-0.000176006160000
-0.000176006160000
-0.000176346540000
-0.000176346540000
-0.000177551140000
-0.000177551140000
-0.000177893730000
-0.000177893730000
0.000108249030000
0.000107908650000
0.000108249030000
0.000107908650000
0.000109143630000
0.000108801040000
0.000109143630000
-0.000098123009000
-0.000098123009000
-0.000098243317000
-0.000098243317000
-0.000099165470000
-0.000099165470000
-0.000099286890000
-0.000099286890000
0.000054492409000
0.000054372101000
0.000054492409000
0.000054372101000
0.000055055336000
0.000054933916000
0.000055055336000
-0.000074847484000
-0.000074847484000
-0.000074908026000
-0.000074908026000
-0.000075683986000
-0.000075683986000
-0.000075745432000
-0.000075745432000
0.000035524983000
0.000035464441000
0.000035524983000
0.000035464441000
0.000035979100000
0.000035917654000
0.000035979100000
-0.000342432000000
-0.000342432000000
-0.000336860000000
-0.000336860000000
-0.000341403000004
-0.000341403000004
-0.000336028000003
-0.000336028000003
0.000177185000000
0.000182757000000
0.000177185000000
0.000182757000000
0.000167979999999
0.000173354999999
0.000167979999999
