0.002303513590000
0.002303513590000
0.002294509280000
0.002294509280000
0.002322552200000
0.002322552200000
0.002313480470000
0.002313480470000
-0.001405485170000
-0.001414489480000
-0.001405485170000
-0.001414489480000
-0.001417240880000
-0.001426312610000
-0.001417240880000
0.010502577700000
0.010502577700000
0.010390380500000
0.010390380500000
0.010554506300000
0.010554506300000
0.010442052700000
0.010442052700000
-0.014089714300000
-0.014201911500000
-0.014089714300000
-0.014201911500000
-0.014156613600000
-0.014269067200000
-0.014156613600000
0.000459457800000
0.000459457800000
0.000451062000000
0.000451062000000
0.000457610400000
0.000457610400000
0.000449265500000
0.000449265500000
-0.026456901200000
-0.026465297000000
-0.026456901200000
-0.026465297000000
-0.026516471500000
-0.026524816400000
-0.026516471500000
-0.010768983000000
-0.010768983000000
-0.010650710100000
-0.010650710100000
-0.010822085600000
-0.010822085600000
-0.010703550600000
-0.010703550600000
-0.015477974200000
-0.015359701300000
-0.015477974200000
-0.015359701300000
-0.015548886300000
-0.015430351300000
-0.015548886300000
-0.002345496770000
-0.002345496770000
-0.002334786210000
-0.002334786210000
-0.002364085470000
-0.002364085470000
-0.002353309590000
-0.002353309590000
-0.001610493670000
-0.001599783110000
-0.001610493670000
-0.001599783110000
-0.001622484460000
-0.001611708580000
-0.001622484460000
-0.000442823690000
-0.000442823690000
-0.000441700800000
-0.000441700800000
-0.000447125390000
-0.000447125390000
-0.000445993780000
-0.000445993780000
-0.000291580640000
-0.000290457750000
-0.000291580640000
-0.000290457750000
-0.000294080550000
-0.000292948940000
-0.000294080550000
-0.000282209960000
-0.000282209960000
-0.000281698740000
-0.000281698740000
-0.000284930110000
-0.000284930110000
-0.000284413510000
-0.000284413510000
-0.000148972710000
-0.000148461490000
-0.000148972710000
-0.000148461490000
-0.000150461770000
-0.000149945170000
-0.000150461770000
-0.000171856280000
-0.000171856280000
-0.000171529550000
-0.000171529550000
-0.000173405920000
-0.000173405920000
-0.000173076810000
-0.000173076810000
-0.000105989220000
-0.000105662490000
-0.000105989220000
-0.000105662490000
-0.000106852440000
-0.000106523330000
-0.000106852440000
-0.000102192658000
-0.000102192658000
-0.000102068937000
-0.000102068937000
-0.000103252975000
-0.000103252975000
-0.000103128015000
-0.000103128015000
-0.000055015664000
-0.000054891943000
-0.000055015664000
-0.000054891943000
-0.000055558441000
-0.000055433481000
-0.000055558441000
-0.000074896125000
-0.000074896125000
-0.000074834732000
-0.000074834732000
-0.000075737734000
-0.000075737734000
-0.000075675328000
-0.000075675328000
-0.000036141921000
-0.000036080528000
-0.000036141921000
-0.000036080528000
-0.000036575223000
-0.000036512817000
-0.000036575223000
0.002118188090000
0.002118188090000
0.002126782710000
0.002126782710000
0.002135876810000
0.002135876810000
0.002144537810000
0.002144537810000
0.001383806690000
0.001392401310000
0.001383806690000
0.001392401310000
0.001395429030000
0.001404090030000
0.001395429030000
0.008282404800000
0.008282404800000
0.008369325300000
0.008369325300000
0.008328767400000
0.008328767400000
0.008415977300000
0.008415977300000
0.012202647700000
0.012289568200000
0.012202647700000
0.012289568200000
0.012268009400000
0.012355219300000
0.012268009400000
0.000321538300000
0.000321538300000
0.000326302400000
0.000326302400000
0.000322718900000
0.000322718900000
0.000327493100000
0.000327493100000
0.020168958000000
0.020173722100000
0.020168958000000
0.020173722100000
0.020238009900000
0.020242784100000
0.020238009900000
-0.008482992000000
-0.008482992000000
-0.008573772200000
-0.008573772200000
-0.008529910400000
-0.008529910400000
-0.008620976900000
-0.008620976900000
0.013119197000000
0.013028416800000
0.013119197000000
0.013028416800000
0.013188201000000
0.013097134500000
0.013188201000000
-0.002007766020000
-0.002007766020000
-0.002016904980000
-0.002016904980000
-0.002025013620000
-0.002025013620000
-0.002034208770000
-0.002034208770000
0.001477122020000
0.001467983060000
0.001477122020000
0.001467983060000
0.001488295410000
0.001479100260000
0.001488295410000
-0.000360882440000
-0.000360882440000
-0.000361963180000
-0.000361963180000
-0.000364440960000
-0.000364440960000
-0.000365526120000
-0.000365526120000
0.000290710170000
0.000289629430000
0.000290710170000
0.000289629430000
0.000292868010000
0.000291782850000
0.000292868010000
-0.000271439800000
-0.000271439800000
-0.000271930840000
-0.000271930840000
-0.000274071660000
-0.000274071660000
-0.000274567910000
-0.000274567910000
0.000146694340000
0.000146203300000
0.000146694340000
0.000146203300000
0.000148163350000
0.000147667100000
0.000148163350000
-0.000175625230000
-0.000175625230000
-0.000175954480000
-0.000175954480000
-0.000177169230000
-0.000177169230000
-0.000177500750000
-0.000177500750000
0.000105150080000
0.000104820830000
0.000105150080000
0.000104820830000
0.000106000990000
0.000105669470000
0.000106000990000
-0.000097960525000
-0.000097960525000
-0.000098084861000
-0.000098084861000
-0.000098991470000
-0.000098991470000
-0.000099116925000
-0.000099116925000
0.000055392055000
0.000055267719000
0.000055392055000
0.000055267719000
0.000055916445000
0.000055790990000
0.000055916445000
-0.000073149830000
-0.000073149830000
-0.000073210445000
-0.000073210445000
-0.000073979316000
-0.000073979316000
-0.000074040818000
-0.000074040818000
0.000036016881000
0.000035956266000
0.000036016881000
0.000035956266000
0.000036431566000
0.000036370064000
0.000036431566000
-0.000396095999999
-0.000396095999999
-0.000390166999997
-0.000390166999997
-0.000395425999999
-0.000395425999999
-0.000389680999996
-0.000389680999996
0.000143008999998
0.000148938000000
0.000143008999998
0.000148938000000
0.000132287999999
0.000138033000002
0.000132287999999
