-1.143293644017188
0.163622063455318
-0.024383947308833
-0.043298986721077
-0.167412217076712
-5.290075588062698
4.711537973746119
10.907130483362739
4.924821679651017
2.922451840927597
-0.139313796789691
0.094227897177102
-0.148014261381159
0.330709169337738
-1.441734738889417
-15.957976312886863
7.183979966080825
7.885284229396837
5.953521505966910
6.092894487874334
-0.000608970596915
-0.011246792259946
-0.005995818375693
0.006576458854755
-0.003562663811938
-0.209833455156304
-1.159524783001082
1.823394113754591
2.359816085046959
1.736276420490381
1.547109582448797
0.148743059224969
-0.016875901609801
0.009423051516254
-0.005204624206172
0.028337958415116
0.023741270302492
-1.154583401522065
0.337613580760106
0.446110699897134
0.599238953590090
0.000278536828805
3.872298077902661
-0.652188108023942
0.525712923851074
-0.873066086865972
9.373172207704153
-50.288758686251455
1.767285850563828
21.445910215360374
-2.697280917057166
-8.624223484254712
-5.018704207720223
0.449546554451869
-0.232167906206402
0.815865569627749
-11.517680035820845
13.300993815098183
25.259114755070122
36.219242800710980
4.854993886728371
-0.493406121917172
0.003791663008808
0.353109843436449
0.079890425537687
0.067669269238192
0.082379516815034
0.850926656221295
2.676775378572169
-4.514888318795679
-6.274455232578693
-4.283046585252862
-3.655181338633134
-0.455150771305662
0.164788174256543
0.085614502152789
0.112776713753632
0.112357455841091
1.014683588693081
1.339360624748744
-1.819794846289004
-1.749925204137341
-2.049692598715853
0.000140179559080
-1.338192307985014
0.545830606186385
-0.462849873378268
0.438313534996004
-0.827513559750762
-1.483519032838797
2.410253071580843
2.416251922812787
2.790439581824427
2.875791591401372
-0.622597816049200
0.661772885697706
-0.666423502238621
0.565115142408245
0.209230244143015
-1.744537878081870
-5.229693621271748
-2.477279670692582
-0.438613866868845
0.230597395265380
-0.008420101268756
0.353109843436449
0.079890425537687
0.067669269238192
0.082379516815034
0.850926656221295
2.676775378572169
-4.514888318795679
-6.274455232578693
-4.283046585252862
-3.655181338633134
-0.455150771305662
0.164788174256543
0.085614502152789
0.112776713753632
0.112357455841091
1.014683588693081
1.339360624748744
-1.819794846289004
-1.749925204137341
-2.049692598715853
0.000140179559080
-1.338192307985014
0.545830606186385
-0.462849873378268
0.438313534996004
-0.827513559750762
-1.483519032838797
2.410253071580843
2.416251922812787
2.790439581824427
2.875791591401372
-0.622597816049200
0.661772885697706
-0.666423502238621
0.565115142408245
0.209230244143015
-1.744537878081870
-5.229693621271748
-2.477279670692582
-0.438613866868845
0.230597395265380
-0.008420101268756
-1.338192307985014
0.545830606186385
-0.462849873378268
0.438313534996004
-0.827513559750762
-1.483519032838797
2.410253071580843
2.416251922812787
2.790439581824427
2.875791591401372
-0.622597816049200
0.661772885697706
-0.666423502238621
0.565115142408245
0.209230244143015
-1.744537878081870
-5.229693621271748
-2.477279670692582
-0.438613866868845
0.230597395265380
-0.008420101268756
