-0.282895946315578
-0.032258951309494
0.071159043727436
-0.009959284748210
-0.420679919962952
-0.000000000000000
-0.111324664234539
-0.084267644098569
-0.079910516172956
-0.059920697137628
0.544240159708133
-0.095230321763245
-0.117174077221372
-0.117174077221372
0.716253588798792
0.037543082543708
0.003692745202655
-0.025890888603484
-0.021262197994520
-0.018679425285334
-0.007567187082553
0.093891751324196
0.086819129458327
0.042586960155357
0.076714464333121
0.136845307684173
-0.000000000000000
0.035961613247418
0.027331777028330
0.024893771462531
0.020246673453551
-0.068633856348287
0.087962701492070
0.091665656669367
0.091665656669367
-0.088496000084602
0.011904318516688
0.013082757687360
0.015626870853320
0.013408324136516
0.012060326491675
0.018480956264161
0.335065532978973
-0.151571677469102
-0.080872580527950
0.274823415843431
-0.989987718653444
-0.000000000000000
-0.204302214512136
-0.142513824343092
-0.127065709901970
-0.089491993472498
1.021601571405873
-0.421719853559239
0.080210118592286
0.080210118592286
0.115089801467735
-0.137717685725002
-0.108454616644015
-0.096506999562802
-0.076934168219104
-0.051862404750883
-0.005257325119453
-0.147451245445621
-0.130793624792111
-0.062897222591125
-0.116164838207952
-0.202376895120691
-0.000000000000000
-0.053707355401615
-0.040929696837140
-0.037335698559677
-0.030430189325954
0.100718888405095
-0.129206554938901
-0.138976506745041
-0.138976506745041
0.139981926639442
-0.016430186932044
-0.018804541193991
-0.023053356843892
-0.019821788628236
-0.017967002873485
-0.047249096391155
-0.904237489051342
0.005061490321248
-0.657842072966922
0.025037516853818
-1.335998328130874
0.000000000000000
-0.371526513829683
-0.285916037052416
-0.270247132209101
-0.205175885401859
1.724160715262571
-0.504777006896621
-0.584477257926939
-0.584477257926939
2.330462874345478
0.110190271836589
0.000439513542068
-0.096346259569814
-0.081904026168625
-0.071811549558183
-0.103321144993820
-0.147451245445621
-0.130793624792111
-0.062897222591125
-0.116164838207952
-0.202376895120691
-0.000000000000000
-0.053707355401615
-0.040929696837140
-0.037335698559677
-0.030430189325954
0.100718888405095
-0.129206554938901
-0.138976506745041
-0.138976506745041
0.139981926639442
-0.016430186932044
-0.018804541193991
-0.023053356843892
-0.019821788628236
-0.017967002873485
-0.047249096391155
-0.904237489051342
0.005061490321248
-0.657842072966922
0.025037516853818
-1.335998328130874
0.000000000000000
-0.371526513829683
-0.285916037052416
-0.270247132209101
-0.205175885401859
1.724160715262571
-0.504777006896621
-0.584477257926939
-0.584477257926939
2.330462874345478
0.110190271836589
0.000439513542068
-0.096346259569814
-0.081904026168625
-0.071811549558183
-0.103321144993820
-0.904237489051342
0.005061490321248
-0.657842072966922
0.025037516853818
-1.335998328130874
0.000000000000000
-0.371526513829683
-0.285916037052416
-0.270247132209101
-0.205175885401859
1.724160715262571
-0.504777006896621
-0.584477257926939
-0.584477257926939
2.330462874345478
0.110190271836589
0.000439513542068
-0.096346259569814
-0.081904026168625
-0.071811549558183
-0.103321144993820
