-6.562540567416374
-6.398841876376835
19.669865859371754
-5.477646540343178
-5.325841731990201
-1.5804325575024842
-1.5372869066974744
-1.1579613409432188
-0.9217002626911509
-0.8304150342162897
2.404014769433598
13.142087997683424
-24.070587111394442
12.495231759120488
2.3781731952117853
-0.6752920946564966
-0.31197142561607477
-0.4452666126678745
-0.4481650608235861
-0.3996444500669832
0.4022595554783595
15.547013607092646
13.580145027846822
3.616020740095388
14.77037878059245
6.5235458751040944
3.5872067695288727
2.5537294757414086
2.105183739429117
1.7439779268556144
1.5181192036516205
11.810820069295087
4.578597590815793
18.727057157659207
7.216701904291567
2.706415477785778
2.972455488940577
2.0667528994503126
1.8015614858523572
1.5226149776176459
1.323647265469683
2.6536972057568406
99.88482997212691
-31.688139784759443
3.1240091109317865
31.017135897489485
-78.9980711200251
-9.8354016744835
-13.67036938068102
-6.770578076074571
-4.160405587584833
-3.663729513573563
96.54908311455358
-38.409086256566546
6.564015459935882
36.348598099278306
-92.63410907938221
-15.992341226488925
-12.864306508135751
-6.269615643547334
-4.0355320581592045
-3.4982489361951123
0.6244863547304824
-30.697604532036667
-21.742740220264594
-3.808436003338242
-25.50702297202692
-7.231466282348408
-5.4349786083781435
-3.620598126201333
-3.191561196773421
-2.7113669959637643
-2.3653958174948175
-22.738536860627022
-2.2387684639372263
-34.399713366503384
-9.009163662090991
1.140491216789886
-3.96909675862389
-2.634633320798284
-2.5850131462982144
-2.2673232736612587
-1.9763719124566905
-7.063006151248875
-49.890954576091865
-12.966824750211963
-54.06470059294696
-23.375069947490736
-2.6146777118882145
-7.782561670681817
-5.152233182543032
-5.086591411421639
-4.535797098556511
-4.055312974782398
-29.036700601075715
35.01360655347211
-132.98438034212955
20.380031534880427
19.145155715347215
-5.0476483255792495
-2.537385447488462
-3.4097337462182624
-3.303693869919897
-2.945581274272058
-11.03426219703594
-30.697604532036667
-21.742740220264594
-3.808436003338242
-25.50702297202692
-7.231466282348408
-5.4349786083781435
-3.620598126201333
-3.191561196773421
-2.7113669959637643
-2.3653958174948175
-22.738536860627022
-2.2387684639372263
-34.399713366503384
-9.009163662090991
1.140491216789886
-3.96909675862389
-2.634633320798284
-2.5850131462982144
-2.2673232736612587
-1.9763719124566905
-7.063006151248875
-49.890954576091865
-12.966824750211963
-54.06470059294696
-23.375069947490736
-2.6146777118882145
-7.782561670681817
-5.152233182543032
-5.086591411421639
-4.535797098556511
-4.055312974782398
-29.036700601075715
35.01360655347211
-132.98438034212955
20.380031534880427
19.145155715347215
-5.0476483255792495
-2.537385447488462
-3.4097337462182624
-3.303693869919897
-2.945581274272058
-11.03426219703594
-49.890954576091865
-12.966824750211963
-54.06470059294696
-23.375069947490736
-2.6146777118882145
-7.782561670681817
-5.152233182543032
-5.086591411421639
-4.535797098556511
-4.055312974782398
-29.036700601075715
35.01360655347211
-132.98438034212955
20.380031534880427
19.145155715347215
-5.0476483255792495
-2.537385447488462
-3.4097337462182624
-3.303693869919897
-2.945581274272058
-11.03426219703594
