-0.000452123278971
-0.000936026622870
-0.000936026622870
-0.000936026622870
-0.000936026622870
-0.000000000000002
-0.000936026622870
-0.000936026622870
0.000936026622870
0.000936026622870
-0.000000000000000
-0.000000000000000
0.000936026622870
0.000936026622870
0.000936026622870
0.000936026622870
0.000936026622870
0.000936026622870
0.000936026622870
0.000936026622870
-0.000047626326067
-0.001872053245740
-0.001872053245740
0.000925410094860
-0.001511652563122
-0.001872053245740
0.000000000000000
-0.001872053245740
-0.001872053245740
-0.001872053245740
-0.001872053245740
0.000000000000000
-0.000000000000000
-0.000847191259085
-0.000847191259085
-0.001872053245740
-0.001872053245740
-0.001872053245740
-0.001872053245740
-0.001872053245740
-0.001872053245740
-0.000016899364136
0.010163766038575
0.001108187522375
0.000032045761489
-0.002625826820854
0.000549469766248
0.000000000000011
-0.029952851931796
-0.025431386418445
0.029952851931847
-0.029952851931847
0.000000000000002
-0.000000000000000
0.000053292785987
0.000053292785987
-0.029952851931847
0.029952851931839
0.029952851931787
0.029952851931786
0.029952851931843
0.029952851931847
-0.000044266546271
0.003744106491475
0.000227385066475
-0.002734168709879
-0.000150444381258
0.003744106491469
-0.000000000000002
0.003744106491468
0.003744106491470
0.003744106491476
0.003744106491478
-0.000000000000000
-0.000000000000000
-0.002013543646169
-0.002013543646169
0.003744106491418
0.003744106491456
0.003744106491454
0.003744106491479
0.003744106491459
0.003744106491464
0.000072461732415
-0.067631080251563
0.003863326671670
0.003982801378947
-0.003794252367584
-0.021414385337803
0.000000000000001
0.119811407727388
0.119811407727388
0.119811407727388
0.119811407727388
-0.000000000000000
-0.000000000000000
0.003515880086364
0.003515880086364
-0.094152795923978
-0.023834342253374
0.119811407727388
0.119811407727388
0.119811407727388
0.119811407727388
0.000255285046195
0.003744106491475
0.000227385066475
-0.002734168709879
-0.000150444381258
0.003744106491469
-0.000000000000002
0.003744106491468
0.003744106491470
0.003744106491476
0.003744106491478
-0.000000000000000
-0.000000000000000
-0.002013543646169
-0.002013543646169
0.003744106491418
0.003744106491456
0.003744106491454
0.003744106491479
0.003744106491459
0.003744106491464
0.000072461732415
-0.067631080251563
0.003863326671670
0.003982801378947
-0.003794252367584
-0.021414385337803
0.000000000000001
0.119811407727388
0.119811407727388
0.119811407727388
0.119811407727388
-0.000000000000000
-0.000000000000000
0.003515880086364
0.003515880086364
-0.094152795923978
-0.023834342253374
0.119811407727388
0.119811407727388
0.119811407727388
0.119811407727388
0.000255285046195
-0.067631080251563
0.003863326671670
0.003982801378947
-0.003794252367584
-0.021414385337803
0.000000000000001
0.119811407727388
0.119811407727388
0.119811407727388
0.119811407727388
-0.000000000000000
-0.000000000000000
0.003515880086364
0.003515880086364
-0.094152795923978
-0.023834342253374
0.119811407727388
0.119811407727388
0.119811407727388
0.119811407727388
0.000255285046195
0.097615460937418
-0.024216571870007
0.015027302348607
-0.020198218680276
0.111033380427573
0.000000000000001
-0.119811407727388
-0.119811407727388
-0.119811407727388
-0.119811407727388
0.000000000000000
-0.000000000000000
-0.000984820107412
-0.000984820107412
0.037847688462408
0.058379914307075
-0.119811407727388
-0.119811407727388
-0.119811407727388
-0.119811407727388
-0.000005507439418
0.005600367519022
0.003704936394272
-0.020279655787619
0.069353078498819
-0.931830747097242
0.000000000000029
3.833965047276430
3.833965047276430
0.810431115928369
-3.833965047276430
0.000000000000004
-0.000000000000000
-0.004410746183250
-0.004410746183250
0.453082792006648
-1.394955080234147
1.123699962274458
-3.833965047276430
3.833965047276429
-3.833965047276430
-0.000136451618850
-0.076064184240762
0.018544488604302
-0.009284432386802
0.029193796868732
-0.245950667484017
-0.000000000000009
0.479242726126690
-0.262567224089914
0.479245619968503
-0.452697178550506
-0.000000000000002
-0.000000000000000
-0.004933551467031
-0.004933551467031
-0.046731707656362
0.479245147835388
0.428849952992300
0.069339520547944
-0.479092321511927
-0.004751939683834
0.000043545462132
0.003744106486894
0.002421614071345
0.001608737010020
0.003287495210013
-0.003744106491480
0.000000000000003
-0.003744106491481
-0.003744106491481
-0.003744106491481
-0.003744106491480
0.000000000000001
-0.000000000000000
0.003744106491481
0.003744106491481
-0.002488745665395
-0.003744106489878
-0.003744106491254
-0.003744106491300
-0.003744106491424
-0.003744106491459
0.000679225778016
