3.288855687949562
4.860444631252333
-4.096819516608323
6.258055169824924
-3.979624543749622
-1.147012787178871
-0.775426016479800
-0.387485376034714
-0.314708187090186
-0.273104326407926
4.649687104267376
4.652147317474594
-4.362656313337079
6.503937918326912
-3.645599492156672
-0.866273953046932
-0.573706100729580
-0.311757440483730
-0.243902174629113
-0.202592771062616
-0.614189865387278
3.288855687951246
4.860444631254762
-4.096819516610349
6.258055169827939
-3.979624543751621
-1.147012787179447
-0.775426016480189
-0.387485376034908
-0.314708187090344
-0.273104326408063
4.649687104269685
4.652147317476765
-4.362656313339221
6.503937918330168
-3.645599492158512
-0.866273953047370
-0.573706100729871
-0.311757440483888
-0.243902174629237
-0.202592771062719
-0.614189865387628
4.826947827570946
-6.443819620841084
2.026490109694821
-4.328483426974028
-2.141992341138441
-0.618358607157512
-0.379807757357624
-0.211089234309585
-0.175600640998224
-0.143665790308990
0.814510008651064
-7.071630538252142
3.518055368130149
-5.846777867494458
-3.818810411427770
-0.983397981920034
-0.786047378401306
-0.386114531191407
-0.324882851330896
-0.290876429715012
-4.388126192764516
-4.628587813791134
7.550922171638165
-2.688732940326786
4.841359128724930
1.862953723066453
0.540535761511447
0.326451916489280
0.185261053074677
0.154641211521365
0.125235968668729
-0.498033373314666
7.205017047047368
-4.011929668295360
6.908139595718962
3.621795481469834
0.935739298074021
0.757519051063499
0.369881180636595
0.312394340256245
0.280908848177827
4.561878654885975
-3.445772611733241
-5.982423834693040
4.748592669543923
-6.756914623859686
4.228217792441322
1.215945131506629
0.822962653434922
0.410311287406904
0.333184112883951
0.289417739463905
-4.939596347253249
-4.806588366095121
4.852973792635388
-7.556960076735853
3.804848290356711
0.904470116387117
0.595254992372338
0.324439430602407
0.253462478590247
0.210008299235089
0.413759737650733
-4.628587813791134
7.550922171638165
-2.688732940326786
4.841359128724930
1.862953723066453
0.540535761511447
0.326451916489280
0.185261053074677
0.154641211521365
0.125235968668729
-0.498033373314666
7.205017047047368
-4.011929668295360
6.908139595718962
3.621795481469834
0.935739298074021
0.757519051063499
0.369881180636595
0.312394340256245
0.280908848177827
4.561878654885975
-3.445772611733241
-5.982423834693040
4.748592669543923
-6.756914623859686
4.228217792441322
1.215945131506629
0.822962653434922
0.410311287406904
0.333184112883951
0.289417739463905
-4.939596347253249
-4.806588366095121
4.852973792635388
-7.556960076735853
3.804848290356711
0.904470116387117
0.595254992372338
0.324439430602407
0.253462478590247
0.210008299235089
0.413759737650733
-3.445772611733241
-5.982423834693040
4.748592669543923
-6.756914623859686
4.228217792441322
1.215945131506629
0.822962653434922
0.410311287406904
0.333184112883951
0.289417739463905
-4.939596347253249
-4.806588366095121
4.852973792635388
-7.556960076735853
3.804848290356711
0.904470116387117
0.595254992372338
0.324439430602407
0.253462478590247
0.210008299235089
0.413759737650733
