-0.605
0.059
0.065
-0.089
0.806
4.776
-8.448
-4.098
-0.207
2.064
0.033
0.029
-0.072
0.143
-0.999
-14.02
11.489
4.581
6.418
11.81
0.002
0.028
-0.005
-0.006
0.012
-0.295
0.865
0.353
0.541
0.514
0.424
0.158
-0.037
0.031
-0.028
0.092
-1.407
0.576
0.771
0.77
0.918
-0.0
-3.094
0.082
-0.209
0.376
-11.082
43.249
26.306
27.541
3.574
-22.031
7.65
-1.399
1.05
-1.472
15.817
-22.591
-59.362
1.606
-11.958
-40.861
-0.004
1.566
0.043
0.148
-0.047
3.834
-8.953
-6.814
-9.982
-6.887
-2.906
-3.046
0.736
-0.387
0.687
-4.915
33.911
1.653
-10.243
-9.091
-8.495
0.003
5.806
-0.098
0.08
-0.615
15.662
-23.98
-38.331
-40.777
-22.34
-3.788
-8.529
2.041
-1.796
2.115
-16.489
83.333
30.003
-24.262
-16.366
-2.738
-0.0
1.566
0.043
0.148
-0.047
3.834
-8.953
-6.814
-9.982
-6.887
-2.906
-3.046
0.736
-0.387
0.687
-4.915
33.911
1.653
-10.243
-9.091
-8.495
0.003
5.806
-0.098
0.08
-0.615
15.662
-23.98
-38.331
-40.777
-22.34
-3.788
-8.529
2.041
-1.796
2.115
-16.489
83.333
30.003
-24.262
-16.366
-2.738
-0.0
5.806
-0.098
0.08
-0.615
15.662
-23.98
-38.331
-40.777
-22.34
-3.788
-8.529
2.041
-1.796
2.115
-16.489
83.333
30.003
-24.262
-16.366
-2.738
-0.0
