-0.134160703993478
-0.026682073049726
0.121639164896259
-0.028029169760181
-0.043182059717670
0.000000000000000
-0.134160702298213
-0.134160703896796
-0.134160704045014
-0.134160704087849
0.134160704095494
0.024851954132911
-0.134160704095491
-0.134160704095491
0.134160704095483
0.134160704095480
0.134160704095452
0.134160704095494
0.134160704095495
0.134160704095495
0.000500470167117
0.134160704094499
0.043924996507866
0.022595814799812
0.047411345463510
0.035060131158716
-0.000000000000000
0.134160704079218
0.134160704051074
0.134160704041375
0.134160704028220
0.134160704078073
0.003748237878237
0.086089011640561
0.086089011640561
0.134160704095495
0.134160704086908
0.134160704087423
0.134160704075663
0.134160704067339
0.134160704062040
0.010150077564898
0.134160704095467
-0.134160704095495
-0.041702502697627
0.084780843993403
-0.117887949293355
-0.000000000000000
0.134160704095490
0.134160704086908
0.134160704094626
0.134160704095495
-0.134160704095495
-0.134160704095494
-0.003873817927283
-0.003873817927283
0.134160704090156
0.134160704092760
0.134160704090463
0.134160704092983
0.134160704090722
0.134160704094828
-0.007923010788227
-0.134160704095477
-0.112538130816781
0.006893726351049
-0.104520000689021
-0.134160704095495
0.000000000000000
-0.134160704095494
-0.134160704095494
-0.134160704095494
-0.134160704095494
-0.134160704095492
-0.026522849264880
-0.134160704095495
-0.134160704095495
-0.134160704095494
-0.134160704095495
-0.134160704095495
-0.134160704095494
-0.134160704095494
-0.134160704095494
-0.037636753991481
0.134160704095495
0.032115365768060
-0.134160704095495
0.057261686180622
-0.021656834866825
0.000000000000000
-0.134160704095495
-0.134160704095495
-0.134160704095495
-0.134160704095495
-0.134160704095495
0.055971066440671
-0.134160704095495
-0.134160704095495
0.134160704095495
-0.134160704095495
-0.134160704095495
-0.134160704095495
-0.134160704095495
-0.134160704095495
-0.009812515924831
-0.134160704095477
-0.112538130816781
0.006893726351049
-0.104520000689021
-0.134160704095495
0.000000000000000
-0.134160704095494
-0.134160704095494
-0.134160704095494
-0.134160704095494
-0.134160704095492
-0.026522849264880
-0.134160704095495
-0.134160704095495
-0.134160704095494
-0.134160704095495
-0.134160704095495
-0.134160704095494
-0.134160704095494
-0.134160704095494
-0.037636753991481
0.134160704095495
0.032115365768060
-0.134160704095495
0.057261686180622
-0.021656834866825
0.000000000000000
-0.134160704095495
-0.134160704095495
-0.134160704095495
-0.134160704095495
-0.134160704095495
0.055971066440671
-0.134160704095495
-0.134160704095495
0.134160704095495
-0.134160704095495
-0.134160704095495
-0.134160704095495
-0.134160704095495
-0.134160704095495
-0.009812515924831
0.134160704095495
0.032115365768060
-0.134160704095495
0.057261686180622
-0.021656834866825
0.000000000000000
-0.134160704095495
-0.134160704095495
-0.134160704095495
-0.134160704095495
-0.134160704095495
0.055971066440671
-0.134160704095495
-0.134160704095495
0.134160704095495
-0.134160704095495
-0.134160704095495
-0.134160704095495
-0.134160704095495
-0.134160704095495
-0.009812515924831
