0.002302958890000
0.002302958890000
0.002293857710000
0.002293857710000
0.002321978360000
0.002321978360000
0.002312810080000
0.002312810080000
-0.001432151280000
-0.001441252460000
-0.001432151280000
-0.001441252460000
-0.001443907760000
-0.001453076040000
-0.001443907760000
0.010482220100000
0.010482220100000
0.010370279700000
0.010370279700000
0.010534907400000
0.010534907400000
0.010422700300000
0.010422700300000
-0.014374623500000
-0.014486563900000
-0.014374623500000
-0.014486563900000
-0.014443334100000
-0.014555541200000
-0.014443334100000
0.000487443600000
0.000487443600000
0.000479771200000
0.000479771200000
0.000488503300000
0.000488503300000
0.000480842800000
0.000480842800000
-0.026172741300000
-0.026180413700000
-0.026172741300000
-0.026180413700000
-0.026233640600000
-0.026241301100000
-0.026233640600000
-0.010790954600000
-0.010790954600000
-0.010672716100000
-0.010672716100000
-0.010844275400000
-0.010844275400000
-0.010725770600000
-0.010725770600000
-0.015639338000000
-0.015521099500000
-0.015639338000000
-0.015521099500000
-0.015711527800000
-0.015593023000000
-0.015711527800000
-0.002268277390000
-0.002268277390000
-0.002258054780000
-0.002258054780000
-0.002286939770000
-0.002286939770000
-0.002276656620000
-0.002276656620000
-0.001592067590000
-0.001581844980000
-0.001592067590000
-0.001581844980000
-0.001603705620000
-0.001593422470000
-0.001603705620000
-0.000459572310000
-0.000459572310000
-0.000458360060000
-0.000458360060000
-0.000463843650000
-0.000463843650000
-0.000462623430000
-0.000462623430000
-0.000307811110000
-0.000306598860000
-0.000307811110000
-0.000306598860000
-0.000310243090000
-0.000309022870000
-0.000310243090000
-0.000283122270000
-0.000283122270000
-0.000282616150000
-0.000282616150000
-0.000285853650000
-0.000285853650000
-0.000285342130000
-0.000285342130000
-0.000152206690000
-0.000151700570000
-0.000152206690000
-0.000151700570000
-0.000153661200000
-0.000153149680000
-0.000153661200000
-0.000172038220000
-0.000172038220000
-0.000171705200000
-0.000171705200000
-0.000173578810000
-0.000173578810000
-0.000173243390000
-0.000173243390000
-0.000109737400000
-0.000109404380000
-0.000109737400000
-0.000109404380000
-0.000110570730000
-0.000110235310000
-0.000110570730000
-0.000101982388000
-0.000101982388000
-0.000101860834000
-0.000101860834000
-0.000103048031000
-0.000103048031000
-0.000102925205000
-0.000102925205000
-0.000056515401000
-0.000056393847000
-0.000056515401000
-0.000056393847000
-0.000057034028000
-0.000056911202000
-0.000057034028000
-0.000075586186000
-0.000075586186000
-0.000075527776000
-0.000075527776000
-0.000076436802000
-0.000076436802000
-0.000076377345000
-0.000076377345000
-0.000036972539000
-0.000036914129000
-0.000036972539000
-0.000036914129000
-0.000037384676000
-0.000037325219000
-0.000037384676000
0.002126350010000
0.002126350010000
0.002134972500000
0.002134972500000
0.002144060980000
0.002144060980000
0.002152750560000
0.002152750560000
0.001406344240000
0.001414966730000
0.001406344240000
0.001414966730000
0.001418230830000
0.001426920410000
0.001418230830000
0.008385244600000
0.008385244600000
0.008473069700000
0.008473069700000
0.008431294400000
0.008431294400000
0.008519402800000
0.008519402800000
0.012023892800000
0.012111717900000
0.012023892800000
0.012111717900000
0.012088157000000
0.012176265400000
0.012088157000000
0.000237962900000
0.000237962900000
0.000242694900000
0.000242694900000
0.000236444400000
0.000236444400000
0.000241148400000
0.000241148400000
0.020548100600000
0.020552832600000
0.020548100600000
0.020552832600000
0.020617068400000
0.020621772400000
0.020617068400000
-0.008500607200000
-0.008500607200000
-0.008591827200000
-0.008591827200000
-0.008548031400000
-0.008548031400000
-0.008639539900000
-0.008639539900000
0.013133368100000
0.013042148100000
0.013133368100000
0.013042148100000
0.013202480900000
0.013110972400000
0.013202480900000
-0.002017395630000
-0.002017395630000
-0.002026616540000
-0.002026616540000
-0.002034993770000
-0.002034993770000
-0.002044273680000
-0.002044273680000
0.001517364560000
0.001508143650000
0.001517364560000
0.001508143650000
0.001529037370000
0.001519757460000
0.001529037370000
-0.000394388390000
-0.000394388390000
-0.000395444330000
-0.000395444330000
-0.000398069480000
-0.000398069480000
-0.000399130480000
-0.000399130480000
0.000291680910000
0.000290624970000
0.000291680910000
0.000290624970000
0.000294009150000
0.000292948150000
0.000294009150000
-0.000272537510000
-0.000272537510000
-0.000273040990000
-0.000273040990000
-0.000275172280000
-0.000275172280000
-0.000275680970000
-0.000275680970000
0.000149477080000
0.000148973600000
0.000149477080000
0.000148973600000
0.000151010900000
0.000150502210000
0.000151010900000
-0.000175683280000
-0.000175683280000
-0.000176027230000
-0.000176027230000
-0.000177226790000
-0.000177226790000
-0.000177572980000
-0.000177572980000
0.000108873280000
0.000108529330000
0.000108873280000
0.000108529330000
0.000109765680000
0.000109419490000
0.000109765680000
-0.000097950311000
-0.000097950311000
-0.000098072314000
-0.000098072314000
-0.000098991734000
-0.000098991734000
-0.000099114872000
-0.000099114872000
0.000054874203000
0.000054752200000
0.000054874203000
0.000054752200000
0.000055436533000
0.000055313395000
0.000055436533000
-0.000074582264000
-0.000074582264000
-0.000074643866000
-0.000074643866000
-0.000075420329000
-0.000075420329000
-0.000075482857000
-0.000075482857000
0.000035912355000
0.000035850753000
0.000035912355000
0.000035850753000
0.000036365097000
0.000036302569000
0.000036365097000
-0.000340177000002
-0.000340177000002
-0.000334636000004
-0.000334636000004
-0.000339198999999
-0.000339198999999
-0.000333855000001
-0.000333855000001
0.000188800000001
0.000194340999998
0.000188800000001
0.000194340999998
0.000179617000001
0.000184960999999
0.000179617000001
