-0.009622665706046
0.003667473434792
0.003354811268448
-0.000343892852401
0.019629515441932
-0.000000000000489
-0.019629515441931
0.006332248496732
-0.019629515441926
0.019629515441932
0.000000000000013
0.000000000000001
-0.005093834096109
-0.005093834096109
0.016010818352813
-0.019629515441932
-0.019629515441932
-0.019629515441932
0.019629515441932
-0.019629515441931
-0.000012489155389
0.019629515441931
-0.001560160173762
0.001344352375015
-0.003223323210870
0.019629513781828
0.000000000000005
0.019629515441732
0.019629515441923
0.019629515441917
0.019629515441928
-0.000000000000000
-0.000000000000000
0.000532019951882
0.000532019951882
-0.004590333395970
0.019629515441929
0.019629515441924
0.019629515441927
0.019629515441923
0.019629515441931
0.000032362579965
-0.048299179708911
-0.000698372079636
-0.002484448016082
0.009782356532208
-0.077641907081766
0.000000000000734
0.314072247070901
0.314072247059459
0.130044837892080
0.314072247070912
-0.000000000000022
-0.000000000000002
-0.001736522140389
-0.001736522140389
0.164413920902096
-0.314072247070919
-0.314072247070919
-0.314072247070919
-0.314072247070919
0.314072247070900
0.000007752451651
-0.019629515441772
0.005876930869222
0.002750015322244
0.007852841656968
-0.019629515440999
-0.000000000000479
-0.019629515440742
-0.019629515440300
-0.019629515441371
-0.019629515441311
0.000000000000014
0.000000000000001
0.008123494368060
0.008123494368060
-0.019629515441287
-0.019629515440042
-0.019629515439624
-0.019629515440680
-0.019629515441219
-0.019629515440052
-0.000076084239057
0.126230314253280
0.003205829494275
-0.014691833168348
0.017187013266174
0.026503826875725
-0.000000000002444
-0.314072247070919
-0.314072247070919
-0.314072247070919
-0.314072247070919
0.000000000000066
0.000000000000005
-0.007044719668349
-0.007044719668349
0.163603276662132
0.314072247070919
-0.174618053072863
-0.314072247070919
-0.314072247070919
-0.314072247070919
-0.000315034443646
-0.019629515441772
0.005876930869222
0.002750015322244
0.007852841656968
-0.019629515440999
-0.000000000000479
-0.019629515440742
-0.019629515440300
-0.019629515441371
-0.019629515441311
0.000000000000014
0.000000000000001
0.008123494368060
0.008123494368060
-0.019629515441287
-0.019629515440042
-0.019629515439624
-0.019629515440680
-0.019629515441219
-0.019629515440052
-0.000076084239057
0.126230314253280
0.003205829494275
-0.014691833168348
0.017187013266174
0.026503826875725
-0.000000000002444
-0.314072247070919
-0.314072247070919
-0.314072247070919
-0.314072247070919
0.000000000000066
0.000000000000005
-0.007044719668349
-0.007044719668349
0.163603276662132
0.314072247070919
-0.174618053072863
-0.314072247070919
-0.314072247070919
-0.314072247070919
-0.000315034443646
0.126230314253280
0.003205829494275
-0.014691833168348
0.017187013266174
0.026503826875725
-0.000000000002444
-0.314072247070919
-0.314072247070919
-0.314072247070919
-0.314072247070919
0.000000000000066
0.000000000000005
-0.007044719668349
-0.007044719668349
0.163603276662132
0.314072247070919
-0.174618053072863
-0.314072247070919
-0.314072247070919
-0.314072247070919
-0.000315034443646
-0.157036123535459
0.042285769246260
-0.027891364376271
0.028508327321963
-0.129538704427582
0.000000000002594
0.157036123535459
0.157036123535459
0.157036123535459
0.157036123535459
-0.000000000000073
-0.000000000000006
0.000510444016423
0.000510444016423
-0.050074224155383
-0.117779261368837
0.157036123535459
0.157036123535459
0.157036123535459
0.157036123535459
-0.000318513188875
-0.245772565609536
0.023773926110258
0.020408429078039
-0.113885215186787
1.833857373695909
0.000000000002611
-10.050311906269394
-10.050311906269394
4.666843126841520
10.050311906269394
-0.000000000000077
-0.000000000000007
0.010019074301085
0.010019074301085
-0.643002265305386
3.330727401839224
-10.050311906269394
10.050311906269394
-4.400488984311125
10.050311906269394
0.000141674744452
0.105054268107802
-0.029526342808248
0.011463131541789
-0.047313590752169
0.388304295937505
-0.000000000002607
-1.256288988283674
1.256288988283674
0.441401703139470
1.256288988283674
0.000000000000071
0.000000000000007
0.012889834305965
0.012889834305965
0.165781188000728
-1.256288988283674
-1.256288988283674
-0.430941550260882
1.256288988283674
-0.619827975192944
0.000009087165565
-0.224545831052248
0.025113870137889
-0.022293184673375
0.030606391503579
-0.352027927836957
-0.000000000002724
-1.939441941765815
2.512577976567349
2.512577976567349
2.512577976567349
0.000000000000075
0.000000000000007
-0.013989695912629
-0.013989695912629
0.165262294399722
0.909056362475696
-2.512577976567349
-2.512577976567349
-0.243357374810215
2.512577976567349
-0.001476463263169
0.000000000000000
0.000000000000000
0.000000000000000
0.000000000000000
0.000000000000000
0.000000000000000
0.000000000000000
0.000000000000000
0.000000000000000
0.000000000000000
0.000000000000000
0.000000000000000
0.000000000000000
0.000000000000000
0.000000000000000
0.000000000000000
0.000000000000000
0.000000000000000
0.000000000000000
0.000000000000000
0.000000000000000
0.000000000000000
0.000000000000000
0.000000000000000
0.000000000000000
0.000000000000000
0.000000000000000
0.000000000000000
0.000000000000000
0.000000000000000
0.000000000000000
0.000000000000000
0.000000000000000
0.000000000000000
0.000000000000000
0.000000000000000
0.000000000000000
0.000000000000000
0.000000000000000
0.000000000000000
0.000000000000000
0.000000000000000
