0.002298876850000
0.002298876850000
0.002289791020000
0.002289791020000
0.002317816210000
0.002317816210000
0.002308662590000
0.002308662590000
-0.001424941680000
-0.001434027510000
-0.001424941680000
-0.001434027510000
-0.001436809820000
-0.001445963440000
-0.001436809820000
0.010573316400000
0.010573316400000
0.010460282500000
0.010460282500000
0.010625621000000
0.010625621000000
0.010512321300000
0.010512321300000
-0.014174711200000
-0.014287745100000
-0.014174711200000
-0.014287745100000
-0.014241807000000
-0.014355106700000
-0.014241807000000
0.000449686300000
0.000449686300000
0.000441659400000
0.000441659400000
0.000448150600000
0.000448150600000
0.000440170400000
0.000440170400000
-0.026476238900000
-0.026484265800000
-0.026476238900000
-0.026484265800000
-0.026536300000000
-0.026544280200000
-0.026536300000000
-0.010777717100000
-0.010777717100000
-0.010659424300000
-0.010659424300000
-0.010831046800000
-0.010831046800000
-0.010712470100000
-0.010712470100000
-0.015511191500000
-0.015392898700000
-0.015511191500000
-0.015392898700000
-0.015582742200000
-0.015464165500000
-0.015582742200000
-0.002360077480000
-0.002360077480000
-0.002349398090000
-0.002349398090000
-0.002378972280000
-0.002378972280000
-0.002368220630000
-0.002368220630000
-0.001613280370000
-0.001602600980000
-0.001613280370000
-0.001602600980000
-0.001625667900000
-0.001614916250000
-0.001625667900000
-0.000450211990000
-0.000450211990000
-0.000449050190000
-0.000449050190000
-0.000454505420000
-0.000454505420000
-0.000453334190000
-0.000453334190000
-0.000298063300000
-0.000296901500000
-0.000298063300000
-0.000296901500000
-0.000300579240000
-0.000299408010000
-0.000300579240000
-0.000281618340000
-0.000281618340000
-0.000281110720000
-0.000281110720000
-0.000284338200000
-0.000284338200000
-0.000283824660000
-0.000283824660000
-0.000148957600000
-0.000148449980000
-0.000148957600000
-0.000148449980000
-0.000150451170000
-0.000149937630000
-0.000150451170000
-0.000171406500000
-0.000171406500000
-0.000171082940000
-0.000171082940000
-0.000172956690000
-0.000172956690000
-0.000172630450000
-0.000172630450000
-0.000105872250000
-0.000105548690000
-0.000105872250000
-0.000105548690000
-0.000106737570000
-0.000106411330000
-0.000106737570000
-0.000101817629000
-0.000101817629000
-0.000101696274000
-0.000101696274000
-0.000102878325000
-0.000102878325000
-0.000102755481000
-0.000102755481000
-0.000054934205000
-0.000054812850000
-0.000054934205000
-0.000054812850000
-0.000055477143000
-0.000055354299000
-0.000055477143000
-0.000074586058000
-0.000074586058000
-0.000074526820000
-0.000074526820000
-0.000075427878000
-0.000075427878000
-0.000075367417000
-0.000075367417000
-0.000036057389000
-0.000035998151000
-0.000036057389000
-0.000035998151000
-0.000036490620000
-0.000036430159000
-0.000036490620000
0.002119076630000
0.002119076630000
0.002127734710000
0.002127734710000
0.002136789150000
0.002136789150000
0.002145514370000
0.002145514370000
0.001395926600000
0.001404584680000
0.001395926600000
0.001404584680000
0.001407678700000
0.001416403920000
0.001407678700000
0.008292545100000
0.008292545100000
0.008379574600000
0.008379574600000
0.008339105100000
0.008339105100000
0.008426426100000
0.008426426100000
0.012225789800000
0.012312819300000
0.012225789800000
0.012312819300000
0.012291651700000
0.012378972700000
0.012291651700000
0.000332896700000
0.000332896700000
0.000337883500000
0.000337883500000
0.000334036300000
0.000334036300000
0.000339033100000
0.000339033100000
0.020152446800000
0.020157433600000
0.020152446800000
0.020157433600000
0.020221889700000
0.020226886500000
0.020221889700000
-0.008508099400000
-0.008508099400000
-0.008599174800000
-0.008599174800000
-0.008555371400000
-0.008555371400000
-0.008646727800000
-0.008646727800000
0.013174793500000
0.013083718100000
0.013174793500000
0.013083718100000
0.013244450500000
0.013153094100000
0.013244450500000
-0.002008509450000
-0.002008509450000
-0.002017747150000
-0.002017747150000
-0.002025737670000
-0.002025737670000
-0.002035029260000
-0.002035029260000
0.001490927460000
0.001481689760000
0.001490927460000
0.001481689760000
0.001502261200000
0.001492969610000
0.001502261200000
-0.000366978060000
-0.000366978060000
-0.000368111370000
-0.000368111370000
-0.000370545220000
-0.000370545220000
-0.000371682060000
-0.000371682060000
0.000298742150000
0.000297608840000
0.000298742150000
0.000297608840000
0.000300930370000
0.000299793530000
0.000300930370000
-0.000271604970000
-0.000271604970000
-0.000272099150000
-0.000272099150000
-0.000274243450000
-0.000274243450000
-0.000274742380000
-0.000274742380000
0.000147406630000
0.000146912450000
0.000147406630000
0.000146912450000
0.000148886340000
0.000148387410000
0.000148886340000
-0.000175776400000
-0.000175776400000
-0.000176107850000
-0.000176107850000
-0.000177321630000
-0.000177321630000
-0.000177654960000
-0.000177654960000
0.000105508590000
0.000105177140000
0.000105508590000
0.000105177140000
0.000106366150000
0.000106032820000
0.000106366150000
-0.000097877643000
-0.000097877643000
-0.000098003436000
-0.000098003436000
-0.000098911060000
-0.000098911060000
-0.000099037720000
-0.000099037720000
0.000055603213000
0.000055477420000
0.000055603213000
0.000055477420000
0.000056132182000
0.000056005522000
0.000056132182000
-0.000073104828000
-0.000073104828000
-0.000073166898000
-0.000073166898000
-0.000073935832000
-0.000073935832000
-0.000073998584000
-0.000073998584000
0.000036179611000
0.000036117541000
0.000036179611000
0.000036117541000
0.000036597982000
0.000036535230000
0.000036597982000
-0.000383902000001
-0.000383902000001
-0.000384343999998
-0.000384343999998
-0.000383278999999
-0.000383278999999
-0.000383754000000
-0.000383754000000
-0.000327728000005
-0.000328170000002
-0.000327728000005
-0.000328170000002
-0.000325575999999
-0.000326050999999
-0.000325575999999
