-1.273509396545515
0.125394609497177
-0.038109297359161
-0.085308327053216
-0.116023073916768
-8.869030213985107
4.568439412749710
21.136832489657909
8.136915604898357
4.742505924723867
0.423496735995284
-0.033734801965341
-0.027827518124375
0.011883556835225
1.471534446763125
-13.622020824479195
-10.896712364094043
10.846519522551716
4.804284267314140
4.180150530016683
-0.004602692912051
-0.032518075006488
0.000919285405997
0.001530125230079
0.002911070842360
-0.213086158074235
-0.457761864567244
0.745995068581046
2.523738213896031
1.093759907471154
0.750332683386290
0.083242779096959
-0.000959044180430
-0.001761586087389
0.001734168818370
0.023947066228636
0.125036018372257
-1.744134240135446
1.279277760094366
0.460448711337564
0.344817886975305
0.000192377495723
2.214210669407572
-0.163620681498914
0.261382672234909
-0.056611003789866
3.765662959999808
-48.035702694887206
1.395545537631506
41.799217390848113
5.549550248733679
-2.314061388123575
-3.492254338111694
0.172705615057415
0.272556359443145
-0.290677658900997
-0.760928630486500
16.137737491067305
-17.873409329260955
38.315966718803352
0.635093549056612
-6.368464482969110
0.023591191372363
-1.234382010518428
0.192720118903717
-0.019049579240670
0.063146878723773
0.127915839015141
-1.358201949278979
1.302399674531143
8.102591318271053
3.983778624990599
3.165482974489863
0.802267522787506
0.023094191510255
0.103571561821691
0.033812750510687
2.006859080038829
-2.303526207620255
-17.086407396007417
-0.837758413780153
-1.286441038235621
-0.959405224306696
-0.007505856855149
0.813913869074274
0.137947933327125
-0.343061351973928
-0.260286991153532
4.978622190039343
-20.641556985512402
0.022633643416982
17.857355608136494
3.282530575123663
-0.550604293463667
0.184338697221163
0.041435416786875
-0.046139293573994
-0.143078208863466
4.263818045072906
-23.547656860152340
-3.448954162795133
12.616206493563404
3.456546018329444
2.256509423552402
-0.020491453468060
-1.234382010518428
0.192720118903717
-0.019049579240670
0.063146878723773
0.127915839015141
-1.358201949278979
1.302399674531143
8.102591318271053
3.983778624990599
3.165482974489863
0.802267522787506
0.023094191510255
0.103571561821691
0.033812750510687
2.006859080038829
-2.303526207620255
-17.086407396007417
-0.837758413780153
-1.286441038235621
-0.959405224306696
-0.007505856855149
0.813913869074274
0.137947933327125
-0.343061351973928
-0.260286991153532
4.978622190039343
-20.641556985512402
0.022633643416982
17.857355608136494
3.282530575123663
-0.550604293463667
0.184338697221163
0.041435416786875
-0.046139293573994
-0.143078208863466
4.263818045072906
-23.547656860152340
-3.448954162795133
12.616206493563404
3.456546018329444
2.256509423552402
-0.020491453468060
0.813913869074274
0.137947933327125
-0.343061351973928
-0.260286991153532
4.978622190039343
-20.641556985512402
0.022633643416982
17.857355608136494
3.282530575123663
-0.550604293463667
0.184338697221163
0.041435416786875
-0.046139293573994
-0.143078208863466
4.263818045072906
-23.547656860152340
-3.448954162795133
12.616206493563404
3.456546018329444
2.256509423552402
-0.020491453468060
