-0.885418865355722
0.121722946453296
-0.014484395755621
-0.035955616170204
-0.137413122514832
-4.852676590593493
4.233554581968804
9.706885166845479
4.053555771219922
2.269728687285428
-0.118082915063409
0.075576669671774
-0.115885879483572
0.264206849379924
-1.151838330711392
-11.811657284276906
4.694169738293406
6.705770025344104
4.172231263427022
4.212545418024775
-0.000391237989338
0.003925214713885
-0.005697655576188
0.005508460567942
-0.003077475765000
-0.144798232173472
-0.908865811287644
1.302312188615994
1.842545679139645
1.251818953460740
1.079679115132985
0.099155323569917
-0.011627824348471
0.006789880920929
-0.004138275018155
0.010541014565377
0.058085504223608
-0.828884441868660
0.359826969481286
0.322093062952922
0.426940941181762
0.000205615957372
3.019982460065916
-0.511331811052780
0.414853662965691
-0.662134801663377
7.078492806848663
-41.241872817824316
2.350752317243814
21.159692581475177
-2.260471718209639
-8.051897083771367
-3.982900215486400
0.369714951640929
-0.194221161968274
0.655110087211778
-9.101767206910765
8.675497522506664
20.473404696437310
32.558657871267251
3.364264857375456
-1.275767226589064
0.002869520589479
0.406379385275816
0.073507610938947
0.070489803331463
0.081017956439123
0.863823906500008
2.822725931962037
-4.721277366446544
-6.915437332369092
-4.542740200052479
-3.819194780231797
-0.492045347397599
0.167192157660243
0.085292768370182
0.111735837841624
0.065538680830607
1.038163078292987
1.960171298667010
-1.852915928044494
-1.647614912468099
-2.004475321568057
0.000126061598324
-1.342155096677222
0.546011464739931
-0.462238723874432
0.429504479681699
-0.743010899388363
-1.735854213015653
2.381610580097628
2.701831779946998
2.876036076414894
2.906174544413229
-0.685526855273820
0.674046093980085
-0.677350233316656
0.585794183979179
0.030220072607219
-1.615065260654189
-5.159663869250443
-2.282510711066948
-0.321053444992431
0.356816026698175
-0.008416866349860
0.406379385275816
0.073507610938947
0.070489803331463
0.081017956439123
0.863823906500008
2.822725931962037
-4.721277366446544
-6.915437332369092
-4.542740200052479
-3.819194780231797
-0.492045347397599
0.167192157660243
0.085292768370182
0.111735837841624
0.065538680830607
1.038163078292987
1.960171298667010
-1.852915928044494
-1.647614912468099
-2.004475321568057
0.000126061598324
-1.342155096677222
0.546011464739931
-0.462238723874432
0.429504479681699
-0.743010899388363
-1.735854213015653
2.381610580097628
2.701831779946998
2.876036076414894
2.906174544413229
-0.685526855273820
0.674046093980085
-0.677350233316656
0.585794183979179
0.030220072607219
-1.615065260654189
-5.159663869250443
-2.282510711066948
-0.321053444992431
0.356816026698175
-0.008416866349860
-1.342155096677222
0.546011464739931
-0.462238723874432
0.429504479681699
-0.743010899388363
-1.735854213015653
2.381610580097628
2.701831779946998
2.876036076414894
2.906174544413229
-0.685526855273820
0.674046093980085
-0.677350233316656
0.585794183979179
0.030220072607219
-1.615065260654189
-5.159663869250443
-2.282510711066948
-0.321053444992431
0.356816026698175
-0.008416866349860
