-0.318343062654878
-0.2509832709650604
1.6109510273180236
-0.4373474991043173
0.1668487594475357
0.03736373390271726
0.015192433314529984
0.0008846370567165432
0.0037625736378571503
0.0038622534620763142
-0.22821264719185005
0.6314078195732313
-1.7263934623721267
0.6151438918417711
0.060611049178511525
-0.011957650551646392
0.008127523281427382
-0.01053301207916083
0.0037693675796050454
0.004938297871342791
0.02543537723031878
1.5164878595108822
1.3709158505652626
0.9085278648915791
1.4335071978499254
0.35573640606239865
0.27360955294776573
0.21724332603220015
0.18794074692145746
0.14399101072029447
0.12928627030468948
1.4686797525227067
0.8662707087513618
1.5917944892672626
1.417362342764992
0.7182711597291273
0.3449493150609741
0.24315877711992348
0.20916182656816767
0.14950623142397332
0.13451253620649067
0.31666694596354394
21.27234013266966
-4.10208661343698
-3.386370079504094
8.541960780904837
-22.415879896607372
-5.5562526890412025
-3.2562245801887837
-1.4790427524356127
-1.2040438308302355
-1.0749921502522803
24.319718857932102
-12.40990473246023
3.367853333250311
2.695518175416577
-8.040290453910657
-1.935781146004108
-1.5889920929489394
-0.2589394684462308
-0.7722082055765522
-0.7007075082241014
-0.12268629534845155
-2.3133688163520465
-2.0486318981698695
-1.4393400091101594
-2.211208199686737
-0.5880165702369713
-0.4327051826821993
-0.34169999226741693
-0.29352001362189273
-0.22517690488857114
-0.202228102175503
-2.259670239230103
-1.4922889062157154
-2.345508978706093
-2.213562662279114
-1.1222754988143528
-0.536475396756927
-0.3799317564790588
-0.32455619471671426
-0.2334191467452799
-0.21016024340784156
-0.8502975917584705
3.6165816295067255
-1.9264594317518775
-8.933678656943908
0.9936346296114675
-7.0053210827276375
-2.3672048150638525
-1.4922264552032942
-0.8894068033940162
-0.7094429198989396
-0.6377907702063068
5.1463153147690575
-2.469650803432569
-10.055801771428454
0.12084880424487413
-3.6894120810558357
-1.398812391983182
-1.0083600017738605
-0.556040881272835
-0.5844312644101326
-0.5283918031593948
-1.3690626821625238
-2.3133688163520465
-2.0486318981698695
-1.4393400091101594
-2.211208199686737
-0.5880165702369713
-0.4327051826821993
-0.34169999226741693
-0.29352001362189273
-0.22517690488857114
-0.202228102175503
-2.259670239230103
-1.4922889062157154
-2.345508978706093
-2.213562662279114
-1.1222754988143528
-0.536475396756927
-0.3799317564790588
-0.32455619471671426
-0.2334191467452799
-0.21016024340784156
-0.8502975917584705
3.6165816295067255
-1.9264594317518775
-8.933678656943908
0.9936346296114675
-7.0053210827276375
-2.3672048150638525
-1.4922264552032942
-0.8894068033940162
-0.7094429198989396
-0.6377907702063068
5.1463153147690575
-2.469650803432569
-10.055801771428454
0.12084880424487413
-3.6894120810558357
-1.398812391983182
-1.0083600017738605
-0.556040881272835
-0.5844312644101326
-0.5283918031593948
-1.3690626821625238
3.6165816295067255
-1.9264594317518775
-8.933678656943908
0.9936346296114675
-7.0053210827276375
-2.3672048150638525
-1.4922264552032942
-0.8894068033940162
-0.7094429198989396
-0.6377907702063068
5.1463153147690575
-2.469650803432569
-10.055801771428454
0.12084880424487413
-3.6894120810558357
-1.398812391983182
-1.0083600017738605
-0.556040881272835
-0.5844312644101326
-0.5283918031593948
-1.3690626821625238
