0.00207
0.00207
0.00206
0.00206
0.00209
0.00209
0.00208
0.00208
-0.00136
-0.00137
-0.00136
-0.00137
-0.00137
-0.00138
-0.00137
0.00922
0.00922
0.00913
0.00913
0.00929
0.00929
0.0092
0.0092
-0.01069
-0.01078
-0.01069
-0.01078
-0.01081
-0.0109
-0.01081
-0.00044
-0.00044
-0.00043
-0.00043
-0.00043
-0.00043
-0.00042
-0.00042
-0.02743
-0.02742
-0.02743
-0.02742
-0.02747
-0.02747
-0.02747
-0.00972
-0.00972
-0.00962
-0.00962
-0.00978
-0.00978
-0.00967
-0.00967
-0.01483
-0.01473
-0.01483
-0.01473
-0.0149
-0.01479
-0.0149
-0.00227
-0.00227
-0.00226
-0.00226
-0.00229
-0.00229
-0.00229
-0.00229
-0.00147
-0.00146
-0.00147
-0.00146
-0.00148
-0.00147
-0.00148
-0.00051
-0.00051
-0.00051
-0.00051
-0.00052
-0.00052
-0.00052
-0.00052
-0.0003
-0.0003
-0.0003
-0.0003
-0.0003
-0.0003
-0.0003
-0.00028
-0.00028
-0.00028
-0.00028
-0.00028
-0.00028
-0.00028
-0.00028
-0.00015
-0.00015
-0.00015
-0.00015
-0.00015
-0.00015
-0.00015
-0.00017
-0.00017
-0.00017
-0.00017
-0.00018
-0.00018
-0.00017
-0.00017
-0.00011
-0.00011
-0.00011
-0.00011
-0.00011
-0.00011
-0.00011
-0.0001
-0.0001
-0.0001
-0.0001
-0.0001
-0.0001
-0.0001
-0.0001
-6e-05
-6e-05
-6e-05
-6e-05
-6e-05
-6e-05
-6e-05
-8e-05
-8e-05
-8e-05
-8e-05
-8e-05
-8e-05
-8e-05
-8e-05
-3e-05
-3e-05
-3e-05
-3e-05
-4e-05
-4e-05
-4e-05
0.00205
0.00205
0.00206
0.00206
0.00207
0.00207
0.00208
0.00208
0.00134
0.00135
0.00134
0.00135
0.00135
0.00136
0.00135
0.00763
0.00763
0.00771
0.00771
0.00768
0.00768
0.00775
0.00775
0.0114
0.01148
0.0114
0.01148
0.01147
0.01154
0.01147
0.00017
0.00017
0.00017
0.00017
0.00017
0.00017
0.00017
0.00017
0.02262
0.02263
0.02262
0.02263
0.02267
0.02268
0.02267
-0.0065
-0.0065
-0.00656
-0.00656
-0.00657
-0.00657
-0.00663
-0.00663
0.00942
0.00936
0.00942
0.00936
0.00953
0.00947
0.00953
-0.0019
-0.0019
-0.00191
-0.00191
-0.00192
-0.00192
-0.00193
-0.00193
0.00138
0.00137
0.00138
0.00137
0.00139
0.00139
0.00139
-0.00047
-0.00047
-0.00047
-0.00047
-0.00047
-0.00047
-0.00047
-0.00047
0.00029
0.00029
0.00029
0.00029
0.0003
0.00029
0.0003
-0.00025
-0.00025
-0.00025
-0.00025
-0.00026
-0.00026
-0.00026
-0.00026
0.00015
0.00015
0.00015
0.00015
0.00015
0.00015
0.00015
-0.00017
-0.00017
-0.00017
-0.00017
-0.00018
-0.00018
-0.00018
-0.00018
0.0001
0.0001
0.0001
0.0001
0.0001
0.0001
0.0001
-0.0001
-0.0001
-0.0001
-0.0001
-0.0001
-0.0001
-0.0001
-0.0001
6e-05
6e-05
6e-05
6e-05
6e-05
6e-05
6e-05
-7e-05
-7e-05
-7e-05
-7e-05
-7e-05
-7e-05
-7e-05
-7e-05
4e-05
4e-05
4e-05
4e-05
4e-05
4e-05
4e-05
-0.00018
-0.00018
-0.00023
-0.00023
-0.00018
-0.00018
-0.00023
-0.00023
0.00226
0.00221
0.00226
0.00221
0.00223
0.00218
0.00223
