0.029919665762881
-0.160920511064085
0.166447793867226
-0.145311681251279
-0.024866748468741
0.000000000000000
0.008361181439817
0.004815164008908
0.007698008332461
0.004916794896815
0.255018138666077
0.013583289148900
-0.260805337352649
-0.260805337352649
0.306636518063983
0.063490232163518
0.059013319913977
0.039172738034988
0.023948827368998
0.018592219951109
-0.010467291045322
0.140779109188757
0.053179730535128
0.024960212231238
0.062134036056987
0.061307755699929
0.000000000000000
0.029249262146354
0.021514105997700
0.019755736659536
0.016248091060560
0.207676484419142
-0.004062022699519
0.103231660018781
0.103231660018781
0.210029198452529
0.061771216696467
0.048722246391759
0.037454571129062
0.025889819250722
0.021392291689348
0.011898604788970
1.107434481163971
-0.503898670071631
-0.017689139995830
0.061667431406490
-0.782493369295759
0.000000000000000
-0.093172175646078
-0.060122933820865
-0.015873903449430
-0.020699416330586
1.495451187542555
-0.651862891363097
-0.028158827128851
-0.028158827128851
0.010464142844023
0.003717726574320
0.020652780600896
0.055195889496078
0.022698551969369
0.014492888051265
-0.030002646055792
-0.187969344135577
-0.087900314832753
-0.032748167900716
-0.093321101372812
-0.108164162334325
-0.000000000000000
-0.045706240967890
-0.033427953624055
-0.029886969582650
-0.024724590760850
-0.280354353301738
-0.004355562419685
-0.150308588960656
-0.150308588960656
-0.315098753780749
-0.092454201693860
-0.072600675479292
-0.054981214535472
-0.038307893513066
-0.031730556811399
-0.040862937537574
-0.026917366231475
-0.197239381119792
-0.499678270577251
-0.215969645538373
-0.075299576649701
0.000000000000000
-0.019234611677296
-0.017735621039336
-0.011585719804289
-0.012844474320058
0.251710994513511
0.027073336612768
-0.997765938591025
-0.997765938591025
0.326376212445274
0.031162029385220
0.043953069610052
0.021736546243318
0.009502204749498
0.005114098311342
-0.098159518732317
-0.187969344135577
-0.087900314832753
-0.032748167900716
-0.093321101372812
-0.108164162334325
-0.000000000000000
-0.045706240967890
-0.033427953624055
-0.029886969582650
-0.024724590760850
-0.280354353301738
-0.004355562419685
-0.150308588960656
-0.150308588960656
-0.315098753780749
-0.092454201693860
-0.072600675479292
-0.054981214535472
-0.038307893513066
-0.031730556811399
-0.040862937537574
-0.026917366231475
-0.197239381119792
-0.499678270577251
-0.215969645538373
-0.075299576649701
0.000000000000000
-0.019234611677296
-0.017735621039336
-0.011585719804289
-0.012844474320058
0.251710994513511
0.027073336612768
-0.997765938591025
-0.997765938591025
0.326376212445274
0.031162029385220
0.043953069610052
0.021736546243318
0.009502204749498
0.005114098311342
-0.098159518732317
-0.026917366231475
-0.197239381119792
-0.499678270577251
-0.215969645538373
-0.075299576649701
0.000000000000000
-0.019234611677296
-0.017735621039336
-0.011585719804289
-0.012844474320058
0.251710994513511
0.027073336612768
-0.997765938591025
-0.997765938591025
0.326376212445274
0.031162029385220
0.043953069610052
0.021736546243318
0.009502204749498
0.005114098311342
-0.098159518732317
