0.002272168990000
0.002272168990000
0.002263184170000
0.002263184170000
0.002290989680000
0.002290989680000
0.002281937400000
0.002281937400000
-0.001408238560000
-0.001417223380000
-0.001408238560000
-0.001417223380000
-0.001419994320000
-0.001429046600000
-0.001419994320000
0.010471221400000
0.010471221400000
0.010359151400000
0.010359151400000
0.010523728300000
0.010523728300000
0.010411394200000
0.010411394200000
-0.014168567700000
-0.014280637700000
-0.014168567700000
-0.014280637700000
-0.014235890700000
-0.014348224800000
-0.014235890700000
0.000481400400000
0.000481400400000
0.000473409500000
0.000473409500000
0.000481356600000
0.000481356600000
0.000473392400000
0.000473392400000
-0.026427666800000
-0.026435657700000
-0.026427666800000
-0.026435657700000
-0.026487892200000
-0.026495856400000
-0.026487892200000
-0.010761462200000
-0.010761462200000
-0.010643164700000
-0.010643164700000
-0.010814842500000
-0.010814842500000
-0.010696278300000
-0.010696278300000
-0.015473806200000
-0.015355508700000
-0.015473806200000
-0.015355508700000
-0.015544771800000
-0.015426207600000
-0.015544771800000
-0.002252578080000
-0.002252578080000
-0.002242709630000
-0.002242709630000
-0.002271267130000
-0.002271267130000
-0.002261334830000
-0.002261334830000
-0.001536222550000
-0.001526354100000
-0.001536222550000
-0.001526354100000
-0.001547983540000
-0.001538051240000
-0.001547983540000
-0.000428156360000
-0.000428156360000
-0.000427281890000
-0.000427281890000
-0.000432344910000
-0.000432344910000
-0.000431462750000
-0.000431462750000
-0.000268045920000
-0.000267171450000
-0.000268045920000
-0.000267171450000
-0.000270465490000
-0.000269583330000
-0.000270465490000
-0.000275289950000
-0.000275289950000
-0.000274794400000
-0.000274794400000
-0.000278022110000
-0.000278022110000
-0.000277520900000
-0.000277520900000
-0.000147592040000
-0.000147096490000
-0.000147592040000
-0.000147096490000
-0.000149094380000
-0.000148593170000
-0.000149094380000
-0.000187589370000
-0.000187589370000
-0.000187238350000
-0.000187238350000
-0.000189225730000
-0.000189225730000
-0.000188872260000
-0.000188872260000
-0.000109676480000
-0.000109325460000
-0.000109676480000
-0.000109325460000
-0.000110546840000
-0.000110193370000
-0.000110546840000
-0.000099379452000
-0.000099379452000
-0.000099263162000
-0.000099263162000
-0.000100439684000
-0.000100439684000
-0.000100322087000
-0.000100322087000
-0.000054025150000
-0.000053908860000
-0.000054025150000
-0.000053908860000
-0.000054570625000
-0.000054453028000
-0.000054570625000
-0.000074346639000
-0.000074346639000
-0.000074288924000
-0.000074288924000
-0.000075196548000
-0.000075196548000
-0.000075137763000
-0.000075137763000
-0.000035596482000
-0.000035538767000
-0.000035596482000
-0.000035538767000
-0.000036034385000
-0.000035975600000
-0.000036034385000
0.002076761830000
0.002076761830000
0.002085201640000
0.002085201640000
0.002094062070000
0.002094062070000
0.002102567070000
0.002102567070000
0.001351367070000
0.001359806880000
0.001351367070000
0.001359806880000
0.001362715180000
0.001371220180000
0.001362715180000
0.008278759700000
0.008278759700000
0.008365632900000
0.008365632900000
0.008325076600000
0.008325076600000
0.008412239600000
0.008412239600000
0.012194816800000
0.012281690000000
0.012194816800000
0.012281690000000
0.012260140300000
0.012347303300000
0.012260140300000
0.000327066300000
0.000327066300000
0.000331868700000
0.000331868700000
0.000328263500000
0.000328263500000
0.000333076200000
0.000333076200000
0.020166723000000
0.020171525400000
0.020166723000000
0.020171525400000
0.020235785100000
0.020240597800000
0.020235785100000
-0.008477424400000
-0.008477424400000
-0.008568348700000
-0.008568348700000
-0.008524263500000
-0.008524263500000
-0.008615474100000
-0.008615474100000
0.013132262300000
0.013041338000000
0.013132262300000
0.013041338000000
0.013201284000000
0.013110073400000
0.013201284000000
-0.001964933520000
-0.001964933520000
-0.001973651080000
-0.001973651080000
-0.001981808240000
-0.001981808240000
-0.001990579550000
-0.001990579550000
0.001434342020000
0.001425624460000
0.001434342020000
0.001425624460000
0.001445249850000
0.001436478540000
0.001445249850000
-0.000349593960000
-0.000349593960000
-0.000350419690000
-0.000350419690000
-0.000353238930000
-0.000353238930000
-0.000354068750000
-0.000354068750000
0.000263524800000
0.000262699070000
0.000263524800000
0.000262699070000
0.000265641320000
0.000264811500000
0.000265641320000
-0.000270588090000
-0.000270588090000
-0.000271087350000
-0.000271087350000
-0.000273217490000
-0.000273217490000
-0.000273722030000
-0.000273722030000
0.000147303250000
0.000146803990000
0.000147303250000
0.000146803990000
0.000148772830000
0.000148268290000
0.000148772830000
-0.000173374250000
-0.000173374250000
-0.000173730800000
-0.000173730800000
-0.000174882930000
-0.000174882930000
-0.000175241570000
-0.000175241570000
0.000111172810000
0.000110816260000
0.000111172810000
0.000110816260000
0.000111999010000
0.000111640370000
0.000111999010000
-0.000096280722000
-0.000096280722000
-0.000096399373000
-0.000096399373000
-0.000097319750000
-0.000097319750000
-0.000097439477000
-0.000097439477000
0.000053894622000
0.000053775971000
0.000053894622000
0.000053775971000
0.000054413594000
0.000054293867000
0.000054413594000
-0.000074057765000
-0.000074057765000
-0.000074117828000
-0.000074117828000
-0.000074897718000
-0.000074897718000
-0.000074958672000
-0.000074958672000
0.000035390963000
0.000035330900000
0.000035390963000
0.000035330900000
0.000035808875000
0.000035747921000
0.000035808875000
-0.000435752000000
-0.000435752000000
-0.000429877999997
-0.000429877999997
-0.000435017000000
-0.000435017000000
-0.000429328000001
-0.000429328000001
0.000152436000000
0.000158310000004
0.000152436000000
0.000158310000004
0.000141929000003
0.000147618000002
0.000141929000003
