-0.09687782003358845
-0.13339190148161062
0.3192019432894393
-0.10708321940810411
-0.08306286041348061
-0.011859193119683939
-0.01794648616621741
-0.01313512868935781
-0.010781725054281948
-0.010100478354879169
0.06496580992552799
0.22564554824159597
-0.425751562843301
0.19910991739249911
0.06636016423844081
0.008123053410895385
0.0023601271004675623
-0.0007877281330849616
-0.0023562822673625656
-0.0023925239839197466
0.0036371842075952777
0.1606263313784477
0.19777026278121557
0.07345395936837165
0.19790335659666256
0.11070201587530515
0.046729287608616436
0.0351956486253059
0.027617461406090494
0.022399718053477815
0.02019491482247504
0.12520447321006956
0.12256436170287084
0.23128698829358063
0.13784543316944886
0.07589746903557816
0.04318439560958581
0.03051199977398578
0.02467800744345795
0.020432456830994025
0.018298792914433405
0.03891505914887764
1.4342691920343458
-0.3395580148562157
0.014776691779943224
0.5885013976079791
-1.5903600101537156
-0.3638357486307672
-0.25434769130873297
-0.13739654315172567
-0.10582618665350917
-0.08876018251851936
1.3541844517670953
-0.5016831861518725
0.10938864931450488
0.6189262470381196
-1.2779396835092292
-0.39881095938422034
-0.22698625448976847
-0.12310675432666959
-0.09388983700621642
-0.07958170820070655
0.020239134038987944
-0.24366400480212133
-0.304964357937824
-0.1113428330246958
-0.30331945664673443
-0.17604805526967784
-0.073281013848028
-0.05518332912617332
-0.04310789252603964
-0.03494923285203501
-0.03149081602012597
-0.18835577691637628
-0.18758677779176283
-0.35716301114332166
-0.20744843933947588
-0.1204098364573541
-0.06780237647686464
-0.04775065235260476
-0.03845092129705273
-0.03182562158573764
-0.028491458719817186
-0.1026798435260918
-0.4281864721493108
-0.19959391007006114
-0.9025540576624232
-0.2699953532830417
-0.1430192798901308
-0.07214728482256227
-0.07290100041446404
-0.06286683692548668
-0.054023916996155066
-0.05006200404941972
-0.14750729779402652
0.3325407873661087
-1.8902018898155781
0.2138286653438972
0.11149426555928857
-0.05224812601972957
-0.04054552067923729
-0.040807886332529617
-0.03898896957010846
-0.036172224755768985
-0.16795992906884485
-0.24366400480212133
-0.304964357937824
-0.1113428330246958
-0.30331945664673443
-0.17604805526967784
-0.073281013848028
-0.05518332912617332
-0.04310789252603964
-0.03494923285203501
-0.03149081602012597
-0.18835577691637628
-0.18758677779176283
-0.35716301114332166
-0.20744843933947588
-0.1204098364573541
-0.06780237647686464
-0.04775065235260476
-0.03845092129705273
-0.03182562158573764
-0.028491458719817186
-0.1026798435260918
-0.4281864721493108
-0.19959391007006114
-0.9025540576624232
-0.2699953532830417
-0.1430192798901308
-0.07214728482256227
-0.07290100041446404
-0.06286683692548668
-0.054023916996155066
-0.05006200404941972
-0.14750729779402652
0.3325407873661087
-1.8902018898155781
0.2138286653438972
0.11149426555928857
-0.05224812601972957
-0.04054552067923729
-0.040807886332529617
-0.03898896957010846
-0.036172224755768985
-0.16795992906884485
-0.4281864721493108
-0.19959391007006114
-0.9025540576624232
-0.2699953532830417
-0.1430192798901308
-0.07214728482256227
-0.07290100041446404
-0.06286683692548668
-0.054023916996155066
-0.05006200404941972
-0.14750729779402652
0.3325407873661087
-1.8902018898155781
0.2138286653438972
0.11149426555928857
-0.05224812601972957
-0.04054552067923729
-0.040807886332529617
-0.03898896957010846
-0.036172224755768985
-0.16795992906884485
