0.057350423743579
0.091110526479234
0.052197049564608
0.086645025947293
0.076448813164051
-0.000000000000000
0.025648071258728
0.021057355450656
0.017654079322193
0.015666342020331
0.024893246109392
-0.004212706746933
0.026217623209054
0.026217623209054
-0.010666684690585
0.028794645662769
0.019368303808907
0.015660035296169
0.013477737997110
0.012541344579038
0.021894894079168
0.329947963547986
0.049426630385049
0.080172001061679
0.047755588251336
0.327580604698881
-0.000000000000000
0.142262919288050
0.125530296902771
0.109611656405431
0.098818112173103
0.418355473099968
-0.023527847894282
0.188181247615142
0.188181247615142
0.229407098647229
0.249108937792124
0.166775646258410
0.128655860559296
0.105744331800148
0.095523534451884
0.041144170706962
0.017803303514509
-0.242257069295523
-0.051781958095713
-0.020787635512585
-0.202197555623410
0.000000000000000
-0.059034325237343
-0.043427308678202
-0.034133091196773
-0.029646328425184
0.047936722747219
-0.241138623464780
-0.123517688017941
-0.123517688017941
-0.029156740461835
-0.060901882034607
-0.042331622851728
-0.031255605619200
-0.025349460240254
-0.023056047847393
-0.050937291249421
-0.649129867560863
-0.100380914990161
-0.159477388151395
-0.093823088347893
-0.654584205448109
0.000000000000000
-0.283288608218098
-0.249681931901512
-0.217891622993169
-0.196396306939951
-0.823346681817899
0.043721274615150
-0.373765067296885
-0.373765067296885
-0.454268112774760
-0.494708281610956
-0.331219711917283
-0.255443632504631
-0.209933841698231
-0.189647069749960
-0.139531392371506
-1.209353905825838
-0.257328515122139
-0.788877340892295
-0.266384932602787
-1.232333596090754
0.000000000000000
-0.533760192978963
-0.469997877256443
-0.410222153098366
-0.369794583468969
-1.305182258852682
0.137874356995539
-1.518788977397890
-1.518788977397890
-0.468559980455638
-0.865360965388475
-0.574437047430944
-0.450573994580663
-0.376023881159036
-0.342699678458507
-0.307123266470255
-0.649129867560863
-0.100380914990161
-0.159477388151395
-0.093823088347893
-0.654584205448109
0.000000000000000
-0.283288608218098
-0.249681931901512
-0.217891622993169
-0.196396306939951
-0.823346681817899
0.043721274615150
-0.373765067296885
-0.373765067296885
-0.454268112774760
-0.494708281610956
-0.331219711917283
-0.255443632504631
-0.209933841698231
-0.189647069749960
-0.139531392371506
-1.209353905825838
-0.257328515122139
-0.788877340892295
-0.266384932602787
-1.232333596090754
0.000000000000000
-0.533760192978963
-0.469997877256443
-0.410222153098366
-0.369794583468969
-1.305182258852682
0.137874356995539
-1.518788977397890
-1.518788977397890
-0.468559980455638
-0.865360965388475
-0.574437047430944
-0.450573994580663
-0.376023881159036
-0.342699678458507
-0.307123266470255
-1.209353905825838
-0.257328515122139
-0.788877340892295
-0.266384932602787
-1.232333596090754
0.000000000000000
-0.533760192978963
-0.469997877256443
-0.410222153098366
-0.369794583468969
-1.305182258852682
0.137874356995539
-1.518788977397890
-1.518788977397890
-0.468559980455638
-0.865360965388475
-0.574437047430944
-0.450573994580663
-0.376023881159036
-0.342699678458507
-0.307123266470255
