0.002293564300000
0.002293564300000
0.002284531960000
0.002284531960000
0.002312456580000
0.002312456580000
0.002303356920000
0.002303356920000
-0.001422819120000
-0.001431851460000
-0.001422819120000
-0.001431851460000
-0.001434696830000
-0.001443796490000
-0.001434696830000
0.010544193000000
0.010544193000000
0.010431473000000
0.010431473000000
0.010596245300000
0.010596245300000
0.010483268400000
0.010483268400000
-0.014114481300000
-0.014227201300000
-0.014114481300000
-0.014227201300000
-0.014181160900000
-0.014294137800000
-0.014181160900000
0.000448714800000
0.000448714800000
0.000440515700000
0.000440515700000
0.000446831200000
0.000446831200000
0.000438684200000
0.000438684200000
-0.026358769400000
-0.026366968500000
-0.026358769400000
-0.026366968500000
-0.026417977600000
-0.026426124600000
-0.026417977600000
-0.010723218000000
-0.010723218000000
-0.010605582000000
-0.010605582000000
-0.010776669500000
-0.010776669500000
-0.010658768800000
-0.010658768800000
-0.015460530200000
-0.015342894200000
-0.015460530200000
-0.015342894200000
-0.015531790900000
-0.015413890200000
-0.015531790900000
-0.002309803540000
-0.002309803540000
-0.002299135300000
-0.002299135300000
-0.002328581760000
-0.002328581760000
-0.002317848010000
-0.002317848010000
-0.001625141370000
-0.001614473130000
-0.001625141370000
-0.001614473130000
-0.001637224600000
-0.001626490850000
-0.001637224600000
-0.000457093830000
-0.000457093830000
-0.000455765640000
-0.000455765640000
-0.000461326770000
-0.000461326770000
-0.000459990230000
-0.000459990230000
-0.000315754130000
-0.000314425940000
-0.000315754130000
-0.000314425940000
-0.000318255420000
-0.000316918880000
-0.000318255420000
-0.000282209750000
-0.000282209750000
-0.000281715040000
-0.000281715040000
-0.000284977170000
-0.000284977170000
-0.000284476950000
-0.000284476950000
-0.000148734920000
-0.000148240210000
-0.000148734920000
-0.000148240210000
-0.000150244360000
-0.000149744140000
-0.000150244360000
-0.000168724060000
-0.000168724060000
-0.000168444640000
-0.000168444640000
-0.000170323510000
-0.000170323510000
-0.000170041620000
-0.000170041620000
-0.000097215490000
-0.000096936070000
-0.000097215490000
-0.000096936070000
-0.000098089370000
-0.000097807480000
-0.000098089370000
-0.000104719748000
-0.000104719748000
-0.000104587765000
-0.000104587765000
-0.000105778521000
-0.000105778521000
-0.000105645282000
-0.000105645282000
-0.000057962407000
-0.000057830424000
-0.000057962407000
-0.000057830424000
-0.000058508837000
-0.000058375598000
-0.000058508837000
-0.000073905492000
-0.000073905492000
-0.000073849655000
-0.000073849655000
-0.000074744348000
-0.000074744348000
-0.000074687508000
-0.000074687508000
-0.000035990850000
-0.000035935013000
-0.000035990850000
-0.000035935013000
-0.000036425209000
-0.000036368369000
-0.000036425209000
0.002126372130000
0.002126372130000
0.002135048380000
0.002135048380000
0.002144088390000
0.002144088390000
0.002152831540000
0.002152831540000
0.001402293530000
0.001410969780000
0.001402293530000
0.001410969780000
0.001414032260000
0.001422775410000
0.001414032260000
0.008292019200000
0.008292019200000
0.008378902500000
0.008378902500000
0.008338445200000
0.008338445200000
0.008425619200000
0.008425619200000
0.012216088600000
0.012302971900000
0.012216088600000
0.012302971900000
0.012281809400000
0.012368983400000
0.012281809400000
0.000329094100000
0.000329094100000
0.000333975600000
0.000333975600000
0.000330280800000
0.000330280800000
0.000335172000000
0.000335172000000
0.020163135800000
0.020168017300000
0.020163135800000
0.020168017300000
0.020232189200000
0.020237080400000
0.020232189200000
-0.008489521400000
-0.008489521400000
-0.008580252500000
-0.008580252500000
-0.008536628000000
-0.008536628000000
-0.008627645500000
-0.008627645500000
0.013127375300000
0.013036644200000
0.013127375300000
0.013036644200000
0.013196652100000
0.013105634600000
0.013196652100000
-0.001982702340000
-0.001982702340000
-0.001992082040000
-0.001992082040000
-0.001999664170000
-0.001999664170000
-0.002009097760000
-0.002009097760000
0.001505834280000
0.001496454580000
0.001505834280000
0.001496454580000
0.001516949740000
0.001507516150000
0.001516949740000
-0.000392993240000
-0.000392993240000
-0.000394225060000
-0.000394225060000
-0.000396481800000
-0.000396481800000
-0.000397718170000
-0.000397718170000
0.000303805700000
0.000302573880000
0.000303805700000
0.000302573880000
0.000305992050000
0.000304755680000
0.000305992050000
-0.000272385650000
-0.000272385650000
-0.000272882570000
-0.000272882570000
-0.000275047360000
-0.000275047360000
-0.000275549470000
-0.000275549470000
0.000147703420000
0.000147206500000
0.000147703420000
0.000147206500000
0.000149173980000
0.000148671870000
0.000149173980000
-0.000174528750000
-0.000174528750000
-0.000174845500000
-0.000174845500000
-0.000176120400000
-0.000176120400000
-0.000176439400000
-0.000176439400000
0.000102383000000
0.000102066250000
0.000102383000000
0.000102066250000
0.000103229620000
0.000102910620000
0.000103229620000
-0.000098895956000
-0.000098895956000
-0.000099031302000
-0.000099031302000
-0.000099918540000
-0.000099918540000
-0.000100054947000
-0.000100054947000
0.000057584867000
0.000057449521000
0.000057584867000
0.000057449521000
0.000058102770000
0.000057966363000
0.000058102770000
-0.000072643682000
-0.000072643682000
-0.000072704887000
-0.000072704887000
-0.000073467546000
-0.000073467546000
-0.000073529612000
-0.000073529612000
0.000035871944000
0.000035810739000
0.000035871944000
0.000035810739000
0.000036285737000
0.000036223671000
0.000036285737000
-0.000413191000004
-0.000413191000004
-0.000406562999999
-0.000406562999999
-0.000411727999999
-0.000411727999999
-0.000405318999996
-0.000405318999996
0.000115448999999
0.000122077000003
0.000115448999999
0.000122077000003
0.000106986999998
0.000113396000001
0.000106986999998
