82.317460404361270
-25.032557043457825
23.900317415535053
-15.429820508481056
98.849437110579004
0.000000145846570
-3725.290289756581842
3725.290298461913608
-636.429210562855360
3725.290298461905422
0.000000001073204
-0.000000000512955
-12.617788760084537
-12.617788760084537
-55.452073225196052
3725.290201213452747
-3725.290298460830854
-3725.290298461913608
2264.849710869004412
-1828.991043656711099
0.205520324050888
29.103830339688116
-2.378362098346964
1.563199066535266
-3.946915623043450
22.651195493836582
-0.000000002839901
29.103830281930311
29.103830294705531
29.103830204398932
29.103830254267674
-0.000000000023078
0.000000000010061
0.679477807558476
0.679477807558476
-7.291953959690670
29.103830422919263
29.103830268730885
29.103830420607835
29.103830328508423
29.103830280664610
0.022871785430017
-59.125311908380567
2.636848056112335
-0.406861007941867
25.702014385949621
-1704.018735276778671
-0.000000093059498
98177.301527760297176
-119209.289280669501750
-119209.289523031606223
119209.262654317717534
-0.000000000291038
0.000000000363798
-7.120361450620895
-7.120361450620895
382.624434201602242
-1678.072734508928079
-17977.901880258079473
72109.712633449235000
-118944.875805056421086
73647.215450608084211
0.184477681612646
35.578130510185538
6.076972539492918
8.011933714423392
6.682085809750295
100.356086684209757
0.000000155685484
-232.830643653869600
-232.830643653869373
-232.830643653869373
-232.830643653869515
0.000000000916771
-0.000000000527507
21.010826109598860
21.010826109598860
-18.326302369868941
-232.830643653869600
232.830643653869259
-152.744135123185288
-232.830643653869600
-232.830643653864911
-0.000990574835327
-1.146745319183959
77.104590542394590
-63.844967754936803
66.666746409623471
-1388.004654394984527
0.000000398693373
29360.883573312341468
93335.125247012416366
-119209.289550781235448
-94484.164952933933819
0.000000002735760
-0.000000001382432
-18.203099039645462
-18.203099039645462
2264.955109365860153
-9494.094631359545019
-5527.422546848567436
-119209.289550781235448
119209.289550780784339
103146.081893706956180
-1.234743018524092
35.578130510185538
6.076972539492918
8.011933714423392
6.682085809750295
100.356086684209757
0.000000155685484
-232.830643653869600
-232.830643653869373
-232.830643653869373
-232.830643653869515
0.000000000916771
-0.000000000527507
21.010826109598860
21.010826109598860
-18.326302369868941
-232.830643653869600
232.830643653869259
-152.744135123185288
-232.830643653869600
-232.830643653864911
-0.000990574835327
-1.146745319183959
77.104590542394590
-63.844967754936803
66.666746409623471
-1388.004654394984527
0.000000398693373
29360.883573312341468
93335.125247012416366
-119209.289550781235448
-94484.164952933933819
0.000000002735760
-0.000000001382432
-18.203099039645462
-18.203099039645462
2264.955109365860153
-9494.094631359545019
-5527.422546848567436
-119209.289550781235448
119209.289550780784339
103146.081893706956180
-1.234743018524092
-1.146745319183959
77.104590542394590
-63.844967754936803
66.666746409623471
-1388.004654394984527
0.000000398693373
29360.883573312341468
93335.125247012416366
-119209.289550781235448
-94484.164952933933819
0.000000002735760
-0.000000001382432
-18.203099039645462
-18.203099039645462
2264.955109365860153
-9494.094631359545019
-5527.422546848567436
-119209.289550781235448
119209.289550780784339
103146.081893706956180
-1.234743018524092
-103.580979130416253
-11.264382875162388
15.102526994527679
-29.146316996123375
2807.637798753833522
-0.000000606494723
-79003.601328304153867
-91690.343631526804529
238389.690852420957526
49129.084323189548741
-0.000000004016329
0.000000002095476
3.200466214976710
3.200466214976710
-2892.017453157712680
12921.686934783259858
-15905.241500186275516
238418.515559527906589
-238418.578729594824836
-107642.736914011606132
0.487639085767167
384.353126350394064
-155.064897988244098
191.660875020548758
-195.046062697129543
-331.288865541085556
-0.000000926002940
127325.906907180964481
-233711.780754439736484
466349.102152862527873
-566903.917026916518807
-0.000000003434252
0.000000003114110
-74.552990979012932
-74.552990979012932
11680.401795863121151
-79787.793319190051989
-424204.439906871004496
939458.348085041507147
-344103.679297314374708
143515.059332325705327
3.114600502421969
-170.172756398889362
46.087891641573741
-58.761447555130651
36.427218104619428
-5027.157759028463261
0.000001158760824
81144.859868715488119
464674.405840524763335
-933936.400644901557826
194455.281607880839147
0.000000007712515
-0.000000004074536
12.905840188225584
12.905840188225584
4173.294242459784073
408.668093588589613
30078.117042024754483
-600127.106947719235905
678583.503905559424311
69376.298944044159725
-1.078246260292422
-1357.820290805396326
212.853253215440446
-155.363445087623433
150.984243045796859
-965.794464484436958
0.000000251771780
-4856.763694457315069
14901.161193847654431
-13682.562074815521555
14901.161193847654431
0.000000001549779
-0.000000000873115
-32.267542620770151
-32.267542620770151
1974.765720129159263
-14901.161193847654431
1578.006972714097628
-9146.318806909543127
14901.161193847654431
14901.161193847650793
-6.146324430994783
776.358541263513075
82.557646584299889
-49.753085253362734
188.190280742021798
-11724.542076778652699
0.000000493408606
402869.803526727773715
-21650.852578434372845
-868516.142895005526952
172823.642591106123291
0.000000004998583
-0.000000001567969
12.839115054947820
12.839115054947820
937.920095018564211
-15901.673608255025101
-53508.694555293630401
57666.250284400244709
-270872.418782202526927
510229.967928586353082
0.985194049453295
2077.794455727987042
-458.347942964394122
295.587841658787340
-371.458915545028219
8139.742491057252664
-0.000001268810593
-151691.545509887771914
-394277.022656985907815
881571.912702569621615
-76834.864971093804343
-0.000000008149073
0.000000004423782
-7.333133022286551
-7.333133022286551
-5321.477742941733595
6684.800188985361274
-116586.208680743773584
911073.670863850275055
-772514.147818480851129
-292700.806267138686962
1.184815043614454
-1034.470457163057290
92.764213136006916
-37.994308560914696
-192.279383398546969
8454.013926209412602
0.000000761589035
-342945.540570564859081
476837.036004810826853
-376387.737051499250811
476517.305091474670917
0.000000003026798
-0.000000002502929
71.794225242686224
71.794225242686224
-10421.587806956358691
61012.930777352870791
312525.192593882617075
-476837.157257413724437
-135245.067531184206018
-6349.134924679102369
-1.445086528862713
