0.002161208130000
0.002161208130000
0.002152596890000
0.002152596890000
0.002179182760000
0.002179182760000
0.002170507080000
0.002170507080000
-0.001385389680000
-0.001394000920000
-0.001385389680000
-0.001394000920000
-0.001396857220000
-0.001405532900000
-0.001396857220000
0.010576566700000
0.010576566700000
0.010463804700000
0.010463804700000
0.010630069300000
0.010630069300000
0.010517028400000
0.010517028400000
-0.014492899100000
-0.014605661100000
-0.014492899100000
-0.014605661100000
-0.014562694600000
-0.014675735500000
-0.014562694600000
0.000464808600000
0.000464808600000
0.000457572900000
0.000457572900000
0.000465936200000
0.000465936200000
0.000458712200000
0.000458712200000
-0.026222629400000
-0.026229865100000
-0.026222629400000
-0.026229865100000
-0.026284038000000
-0.026291262000000
-0.026284038000000
-0.010894722800000
-0.010894722800000
-0.010775281300000
-0.010775281300000
-0.010948646200000
-0.010948646200000
-0.010828913400000
-0.010828913400000
-0.015862650400000
-0.015743208900000
-0.015862650400000
-0.015743208900000
-0.015936441100000
-0.015816708300000
-0.015936441100000
-0.002139919740000
-0.002139919740000
-0.002130569280000
-0.002130569280000
-0.002158131370000
-0.002158131370000
-0.002148713340000
-0.002148713340000
-0.001501196920000
-0.001491846460000
-0.001501196920000
-0.001491846460000
-0.001512864500000
-0.001503446470000
-0.001512864500000
-0.000460106330000
-0.000460106330000
-0.000458899480000
-0.000458899480000
-0.000464415290000
-0.000464415290000
-0.000463199540000
-0.000463199540000
-0.000310162310000
-0.000308955460000
-0.000310162310000
-0.000308955460000
-0.000312586970000
-0.000311371220000
-0.000312586970000
-0.000283698720000
-0.000283698720000
-0.000283189560000
-0.000283189560000
-0.000286438340000
-0.000286438340000
-0.000285923210000
-0.000285923210000
-0.000152739710000
-0.000152230550000
-0.000152739710000
-0.000152230550000
-0.000154198170000
-0.000153683040000
-0.000154198170000
-0.000172250830000
-0.000172250830000
-0.000171916050000
-0.000171916050000
-0.000173795330000
-0.000173795330000
-0.000173457780000
-0.000173457780000
-0.000110074640000
-0.000109739860000
-0.000110074640000
-0.000109739860000
-0.000110909480000
-0.000110571930000
-0.000110909480000
-0.000102170768000
-0.000102170768000
-0.000102047254000
-0.000102047254000
-0.000103239187000
-0.000103239187000
-0.000103114118000
-0.000103114118000
-0.000056832398000
-0.000056708884000
-0.000056832398000
-0.000056708884000
-0.000057352132000
-0.000057227063000
-0.000057352132000
-0.000075720342000
-0.000075720342000
-0.000075660543000
-0.000075660543000
-0.000076572157000
-0.000076572157000
-0.000076511080000
-0.000076511080000
-0.000037178036000
-0.000037118237000
-0.000037178036000
-0.000037118237000
-0.000037591131000
-0.000037530054000
-0.000037591131000
0.001976743460000
0.001976743460000
0.001984776380000
0.001984776380000
0.001993239770000
0.001993239770000
0.002001335510000
0.002001335510000
0.001331783690000
0.001339816610000
0.001331783690000
0.001339816610000
0.001343172260000
0.001351268000000
0.001343172260000
0.008398368800000
0.008398368800000
0.008485926200000
0.008485926200000
0.008444627100000
0.008444627100000
0.008532467300000
0.008532467300000
0.012030764300000
0.012118321700000
0.012030764300000
0.012118321700000
0.012096380200000
0.012184220400000
0.012096380200000
0.000245257400000
0.000245257400000
0.000250151200000
0.000250151200000
0.000243785600000
0.000243785600000
0.000248652700000
0.000248652700000
0.020508871300000
0.020513765100000
0.020508871300000
0.020513765100000
0.020578312700000
0.020583179800000
0.020578312700000
-0.008524777600000
-0.008524777600000
-0.008616169500000
-0.008616169500000
-0.008571834600000
-0.008571834600000
-0.008663500200000
-0.008663500200000
0.013118023600000
0.013026631700000
0.013118023600000
0.013026631700000
0.013187551500000
0.013095885900000
0.013187551500000
-0.001920976040000
-0.001920976040000
-0.001929399500000
-0.001929399500000
-0.001937710560000
-0.001937710560000
-0.001946190000000
-0.001946190000000
0.001407984440000
0.001399560980000
0.001407984440000
0.001399560980000
0.001419566970000
0.001411087530000
0.001419566970000
-0.000403304900000
-0.000403304900000
-0.000404356600000
-0.000404356600000
-0.000407057490000
-0.000407057490000
-0.000408113420000
-0.000408113420000
0.000291263120000
0.000290211420000
0.000291263120000
0.000290211420000
0.000293612640000
0.000292556710000
0.000293612640000
-0.000273056180000
-0.000273056180000
-0.000273551950000
-0.000273551950000
-0.000275696990000
-0.000275696990000
-0.000276197450000
-0.000276197450000
0.000148310120000
0.000147814350000
0.000148310120000
0.000147814350000
0.000149847870000
0.000149347410000
0.000149847870000
-0.000175828190000
-0.000175828190000
-0.000176167560000
-0.000176167560000
-0.000177373490000
-0.000177373490000
-0.000177714720000
-0.000177714720000
0.000108133740000
0.000107794370000
0.000108133740000
0.000107794370000
0.000109028690000
0.000108687460000
0.000109028690000
-0.000097966533000
-0.000097966533000
-0.000098085924000
-0.000098085924000
-0.000099009947000
-0.000099009947000
-0.000099130195000
-0.000099130195000
0.000054405795000
0.000054286404000
0.000054405795000
0.000054286404000
0.000054969114000
0.000054848866000
0.000054969114000
-0.000074633809000
-0.000074633809000
-0.000074693303000
-0.000074693303000
-0.000075472670000
-0.000075472670000
-0.000075532863000
-0.000075532863000
0.000035524661000
0.000035465167000
0.000035524661000
0.000035465167000
0.000035978407000
0.000035918214000
0.000035978407000
-0.000332442000001
-0.000332442000001
-0.000333263999996
-0.000333263999996
-0.000331447999996
-0.000331447999996
-0.000332314000001
-0.000332314000001
-0.000290382000001
-0.000291203999997
-0.000290382000001
-0.000291203999997
-0.000286752999995
-0.000287619000000
-0.000286752999995
