0.080151359746383
0.058015027955356
0.059740208837742
0.059019684592918
0.064571973527683
0.000000000000000
0.025218352016346
0.019594008150289
0.016766366747169
0.015567906403952
0.000000000000000
0.000000000000000
-0.001971055254199
-0.001971055254199
0.008722650497971
0.012297250071718
0.012651564204180
0.012141800056044
0.011448950357499
0.011568335614682
0.016694958463680
0.250112212638490
-0.077945355754575
0.032650969773961
-0.078126086158510
0.148648503763168
0.000000000000000
0.250112212897798
0.250112212821256
0.250112212788877
0.250112212776846
0.000000000000000
0.000000000000000
-0.030497887745893
-0.030497887745893
-0.004677259402535
0.250112211905341
0.250112213105392
0.250112212624394
0.250112212618308
0.250112212628852
-0.009413193251646
0.250112213105428
0.054606206391207
0.063469042153284
0.250112213105428
-0.086966851002784
-0.000000000000000
-0.250112213105289
-0.250112213105428
-0.250112213105405
-0.210157377155393
0.000000000000000
0.000000000000000
0.172516351570280
0.172516351570280
0.250112213105428
0.250112213105428
0.250112213105428
0.250112213105428
0.250112213105428
0.250112213105428
0.061465441868225
-0.250112213099084
0.134254931121965
0.009618506755299
0.151581439786413
-0.250112212867937
-0.000000000000000
-0.250112213089831
-0.250112213098560
-0.250112213096208
-0.250112213094366
0.000000000000000
0.000000000000000
0.132404175539589
0.132404175539589
-0.250112213091352
-0.250112213089969
-0.250112213088707
-0.250112213085894
-0.250112213083505
-0.250112213085505
-0.007136143719801
-0.231189673403724
0.234855580150545
-0.250112213105428
0.166704609214426
0.020613807065798
-0.000000000000001
-0.250112213105428
-0.250112213105428
-0.250112213105428
-0.250112213105428
0.000000000000000
0.000000000000000
-0.019963200727926
-0.019963200727926
0.250112213105428
-0.250112213105428
-0.250112213105428
-0.250112213105428
-0.250112213105428
-0.250112213105428
-0.002270040747266
-0.250112213099084
0.134254931121965
0.009618506755299
0.151581439786413
-0.250112212867937
-0.000000000000000
-0.250112213089831
-0.250112213098560
-0.250112213096208
-0.250112213094366
0.000000000000000
0.000000000000000
0.132404175539589
0.132404175539589
-0.250112213091352
-0.250112213089969
-0.250112213088707
-0.250112213085894
-0.250112213083505
-0.250112213085505
-0.007136143719801
-0.231189673403724
0.234855580150545
-0.250112213105428
0.166704609214426
0.020613807065798
-0.000000000000001
-0.250112213105428
-0.250112213105428
-0.250112213105428
-0.250112213105428
0.000000000000000
0.000000000000000
-0.019963200727926
-0.019963200727926
0.250112213105428
-0.250112213105428
-0.250112213105428
-0.250112213105428
-0.250112213105428
-0.250112213105428
-0.002270040747266
-0.231189673403724
0.234855580150545
-0.250112213105428
0.166704609214426
0.020613807065798
-0.000000000000001
-0.250112213105428
-0.250112213105428
-0.250112213105428
-0.250112213105428
0.000000000000000
0.000000000000000
-0.019963200727926
-0.019963200727926
0.250112213105428
-0.250112213105428
-0.250112213105428
-0.250112213105428
-0.250112213105428
-0.250112213105428
-0.002270040747266
