0.005045948677759
-0.000602841103792
0.004363998266407
0.000434790299517
0.009429807971035
-0.000000000005654
-0.009429807955889
-0.009429807971029
-0.009429807957830
-0.009429807942401
0.000000000000080
-0.000000000000001
-0.002944767693504
-0.002944767693504
0.009429807971037
-0.009429807970565
-0.005580750074881
-0.009429807971037
-0.009429807971032
-0.009429807961238
0.000082580894385
0.009429807971037
0.000979156303184
-0.000641434235644
0.000190298288787
0.009429807953369
-0.000000000002979
0.009429807971037
0.009429807971037
0.009429807971037
0.009429807971037
0.000000000000038
0.000000000000002
0.000708277727927
0.000708277727927
0.000760337828411
0.009429807971037
0.009429807971037
0.009429807971037
0.009429807971037
0.009429807971037
0.000032334909506
-0.124575538412683
0.016910009202454
-0.010047631699065
0.014952027429664
-0.135508409686243
-0.000000000013357
0.301753855073192
0.301753855073192
0.301753855073189
0.301753855073192
0.000000000000190
0.000000000000002
-0.002725996740042
-0.002725996740042
0.070765907818790
-0.301753855073192
0.301753855073192
-0.277408441509890
-0.301753855073192
0.301753855073192
-0.000168882582618
-0.018859615942075
0.007000892252887
0.001421654093070
0.004512305482008
-0.009394667651046
-0.000000000003078
-0.018859615942075
-0.018859615942075
-0.018859615942075
-0.018859615942074
0.000000000000288
-0.000000000000160
0.005995403412419
0.005995403412419
-0.018859615942074
-0.018859615942075
-0.018859615942075
-0.018859615942074
-0.018859615942074
-0.018859615942075
-0.000259318735942
0.127628199062758
0.003488269143875
-0.008460825665351
-0.002505734628929
0.174720475407048
0.000000000058195
0.325553675580531
-1.204761955139035
-1.206509734558904
-1.202357029624141
-0.000000000001028
0.000000000000148
-0.004358382816374
-0.004358382816374
0.044374499628438
-0.175998972782663
1.207011109001723
0.915237980147246
-1.088187185423258
-0.273156270040570
-0.000238150044731
-0.018859615942075
0.007000892252887
0.001421654093070
0.004512305482008
-0.009394667651046
-0.000000000003078
-0.018859615942075
-0.018859615942075
-0.018859615942075
-0.018859615942074
0.000000000000288
-0.000000000000160
0.005995403412419
0.005995403412419
-0.018859615942074
-0.018859615942075
-0.018859615942075
-0.018859615942074
-0.018859615942074
-0.018859615942075
-0.000259318735942
0.127628199062758
0.003488269143875
-0.008460825665351
-0.002505734628929
0.174720475407048
0.000000000058195
0.325553675580531
-1.204761955139035
-1.206509734558904
-1.202357029624141
-0.000000000001028
0.000000000000148
-0.004358382816374
-0.004358382816374
0.044374499628438
-0.175998972782663
1.207011109001723
0.915237980147246
-1.088187185423258
-0.273156270040570
-0.000238150044731
0.127628199062758
0.003488269143875
-0.008460825665351
-0.002505734628929
0.174720475407048
0.000000000058195
0.325553675580531
-1.204761955139035
-1.206509734558904
-1.202357029624141
-0.000000000001028
0.000000000000148
-0.004358382816374
-0.004358382816374
0.044374499628438
-0.175998972782663
1.207011109001723
0.915237980147246
-1.088187185423258
-0.273156270040570
-0.000238150044731
0.000000000000000
0.000000000000000
0.000000000000000
0.000000000000000
0.000000000000000
0.000000000000000
0.000000000000000
0.000000000000000
0.000000000000000
0.000000000000000
0.000000000000000
0.000000000000000
0.000000000000000
0.000000000000000
0.000000000000000
0.000000000000000
0.000000000000000
0.000000000000000
0.000000000000000
0.000000000000000
0.000000000000000
0.000000000000000
0.000000000000000
0.000000000000000
0.000000000000000
0.000000000000000
0.000000000000000
0.000000000000000
0.000000000000000
0.000000000000000
0.000000000000000
0.000000000000000
0.000000000000000
0.000000000000000
0.000000000000000
0.000000000000000
0.000000000000000
0.000000000000000
0.000000000000000
0.000000000000000
0.000000000000000
0.000000000000000
0.000000000000000
0.000000000000000
0.000000000000000
0.000000000000000
0.000000000000000
0.000000000000000
0.000000000000000
0.000000000000000
0.000000000000000
0.000000000000000
0.000000000000000
0.000000000000000
0.000000000000000
0.000000000000000
0.000000000000000
0.000000000000000
0.000000000000000
0.000000000000000
0.000000000000000
0.000000000000000
0.000000000000000
0.000000000000000
0.000000000000000
0.000000000000000
0.000000000000000
0.000000000000000
0.000000000000000
0.000000000000000
0.000000000000000
0.000000000000000
0.000000000000000
0.000000000000000
0.000000000000000
0.000000000000000
0.000000000000000
0.000000000000000
0.000000000000000
0.000000000000000
0.000000000000000
0.000000000000000
0.000000000000000
0.000000000000000
0.000000000000000
0.000000000000000
0.000000000000000
0.000000000000000
0.000000000000000
0.000000000000000
0.000000000000000
0.000000000000000
0.000000000000000
0.000000000000000
0.000000000000000
0.000000000000000
0.000000000000000
0.000000000000000
0.000000000000000
0.000000000000000
0.000000000000000
0.000000000000000
0.000000000000000
0.000000000000000
0.000000000000000
0.000000000000000
0.000000000000000
0.000000000000000
0.000000000000000
0.000000000000000
0.000000000000000
0.000000000000000
0.000000000000000
0.000000000000000
0.000000000000000
0.000000000000000
0.000000000000000
0.000000000000000
0.000000000000000
0.000000000000000
0.000000000000000
0.000000000000000
0.000000000000000
0.000000000000000
0.000000000000000
0.000000000000000
0.000000000000000
0.000000000000000
0.000000000000000
0.000000000000000
0.000000000000000
0.000000000000000
0.000000000000000
0.000000000000000
0.000000000000000
0.000000000000000
0.000000000000000
0.000000000000000
0.000000000000000
0.000000000000000
0.000000000000000
0.000000000000000
0.000000000000000
0.000000000000000
0.000000000000000
0.000000000000000
0.000000000000000
0.060039380276103
-0.016910860475981
0.012118565970343
-0.025294894654779
0.075376927796841
0.000000000018451
0.524559561745186
0.356668961406215
-0.482701809316707
0.470084769253329
-0.000000000000100
-0.000000000000095
0.003440711042364
0.003440711042364
0.154262469559572
-0.603492725549543
-0.603507027794703
-0.592530925719100
0.602398867439680
-0.213072635057113
0.000090964560228
0.000000000000000
0.000000000000000
0.000000000000000
0.000000000000000
0.000000000000000
0.000000000000000
0.000000000000000
0.000000000000000
0.000000000000000
0.000000000000000
0.000000000000000
0.000000000000000
0.000000000000000
0.000000000000000
0.000000000000000
0.000000000000000
0.000000000000000
0.000000000000000
0.000000000000000
0.000000000000000
0.000000000000000
0.004586244419327
-0.001313850804404
0.002080201848197
-0.002979830685280
0.009429807971037
0.000000000001877
-0.000297117247926
-0.009429807971037
-0.009429807971037
-0.009429807971037
0.000000000000005
-0.000000000000020
0.000101905825490
0.000101905825490
0.009429803129978
-0.009429807971037
-0.009429807971037
-0.009429807971037
-0.009429807971037
-0.009429807971037
0.000038975469569
0.000000000000000
0.000000000000000
0.000000000000000
0.000000000000000
0.000000000000000
0.000000000000000
0.000000000000000
0.000000000000000
0.000000000000000
0.000000000000000
0.000000000000000
0.000000000000000
0.000000000000000
0.000000000000000
0.000000000000000
0.000000000000000
0.000000000000000
0.000000000000000
0.000000000000000
0.000000000000000
0.000000000000000
0.000000000000000
0.000000000000000
0.000000000000000
0.000000000000000
0.000000000000000
0.000000000000000
0.000000000000000
0.000000000000000
0.000000000000000
0.000000000000000
0.000000000000000
0.000000000000000
0.000000000000000
0.000000000000000
0.000000000000000
0.000000000000000
0.000000000000000
0.000000000000000
0.000000000000000
0.000000000000000
0.000000000000000
0.000000000000000
0.000000000000000
0.000000000000000
0.000000000000000
0.000000000000000
0.000000000000000
0.000000000000000
0.000000000000000
0.000000000000000
0.000000000000000
0.000000000000000
0.000000000000000
0.000000000000000
0.000000000000000
0.000000000000000
0.000000000000000
0.000000000000000
0.000000000000000
0.000000000000000
0.000000000000000
0.000000000000000
0.000000000000000
0.000000000000000
0.000000000000000
0.000000000000000
0.000000000000000
0.000000000000000
0.000000000000000
0.000000000000000
0.000000000000000
0.000000000000000
0.000000000000000
0.000000000000000
0.000000000000000
0.000000000000000
0.000000000000000
0.000000000000000
0.000000000000000
0.000000000000000
0.000000000000000
0.000000000000000
0.000000000000000
-0.001744574130676
0.005266104263274
-0.012097955000120
0.036807427325398
-0.511156269560874
0.000000000139003
2.414030840585537
2.414030840585537
-1.185097202879686
-1.907329325847958
-0.000000000002157
0.000000000000155
-0.004441460950705
-0.004441460950705
0.145719150316333
-1.292037403844140
2.414030840585537
1.671492534795665
-2.414030840585537
-2.414030840585537
-0.000232049031263
