0.002222684740000
0.002222684740000
0.002213978020000
0.002213978020000
0.002241193780000
0.002241193780000
0.002232424580000
0.002232424580000
-0.001407437460000
-0.001416144180000
-0.001407437460000
-0.001416144180000
-0.001419112830000
-0.001427882030000
-0.001419112830000
0.009410795300000
0.009410795300000
0.009312095500000
0.009312095500000
0.009460071700000
0.009460071700000
0.009361131900000
0.009361131900000
-0.013073708700000
-0.013172408500000
-0.013073708700000
-0.013172408500000
-0.013139258200000
-0.013238198000000
-0.013139258200000
0.000296016200000
0.000296016200000
0.000292054600000
0.000292054600000
0.000298067700000
0.000298067700000
0.000293341900000
0.000293341900000
-0.025130553800000
-0.025134515400000
-0.025130553800000
-0.025134515400000
-0.025199015500000
-0.025203741300000
-0.025199015500000
-0.009459759400000
-0.009459759400000
-0.009359234600000
-0.009359234600000
-0.009509532100000
-0.009509532100000
-0.009408366500000
-0.009408366500000
-0.013864431600000
-0.013763906800000
-0.013864431600000
-0.013763906800000
-0.013932888200000
-0.013831722600000
-0.013932888200000
-0.002163845900000
-0.002163845900000
-0.002154508430000
-0.002154508430000
-0.002182303630000
-0.002182303630000
-0.002172894940000
-0.002172894940000
-0.001511221250000
-0.001501883780000
-0.001511221250000
-0.001501883780000
-0.001523021690000
-0.001513613000000
-0.001523021690000
-0.000461615220000
-0.000461615220000
-0.000460412820000
-0.000460412820000
-0.000465918200000
-0.000465918200000
-0.000464706130000
-0.000464706130000
-0.000312708220000
-0.000311505820000
-0.000312708220000
-0.000311505820000
-0.000315138340000
-0.000313926270000
-0.000315138340000
-0.000284465420000
-0.000284465420000
-0.000283958460000
-0.000283958460000
-0.000287198960000
-0.000287198960000
-0.000286685520000
-0.000286685520000
-0.000154222640000
-0.000153715680000
-0.000154222640000
-0.000153715680000
-0.000155687530000
-0.000155174090000
-0.000155687530000
-0.000172876320000
-0.000172876320000
-0.000172542530000
-0.000172542530000
-0.000174415530000
-0.000174415530000
-0.000174078560000
-0.000174078560000
-0.000111080710000
-0.000110746920000
-0.000111080710000
-0.000110746920000
-0.000111921120000
-0.000111584150000
-0.000111921120000
-0.000102486004000
-0.000102486004000
-0.000102363844000
-0.000102363844000
-0.000103548786000
-0.000103548786000
-0.000103424752000
-0.000103424752000
-0.000057554982000
-0.000057432822000
-0.000057554982000
-0.000057432822000
-0.000058080504000
-0.000057956470000
-0.000058080504000
-0.000075952013000
-0.000075952013000
-0.000075892174000
-0.000075892174000
-0.000076798443000
-0.000076798443000
-0.000076737063000
-0.000076737063000
-0.000037747515000
-0.000037687676000
-0.000037747515000
-0.000037687676000
-0.000038166086000
-0.000038104706000
-0.000038166086000
0.002028834240000
0.002028834240000
0.002036986370000
0.002036986370000
0.002045803160000
0.002045803160000
0.002054022060000
0.002054022060000
0.001355100510000
0.001363252640000
0.001355100510000
0.001363252640000
0.001366689460000
0.001374908360000
0.001366689460000
0.007514063800000
0.007514063800000
0.007589394800000
0.007589394800000
0.007557666600000
0.007557666600000
0.007633288500000
0.007633288500000
0.010688518200000
0.010763849200000
0.010688518200000
0.010763849200000
0.010749700900000
0.010825322800000
0.010749700900000
0.000391620300000
0.000391620300000
0.000398720600000
0.000398720600000
0.000390751500000
0.000390751500000
0.000397828100000
0.000397828100000
0.020302528100000
0.020309628400000
0.020302528100000
0.020309628400000
0.020374573100000
0.020381649700000
0.020374573100000
-0.007595659300000
-0.007595659300000
-0.007675757400000
-0.007675757400000
-0.007638750800000
-0.007638750800000
-0.007719114900000
-0.007719114900000
0.011926016000000
0.011845917900000
0.011926016000000
0.011845917900000
0.011991857600000
0.011911493500000
0.011991857600000
-0.002004637460000
-0.002004637460000
-0.002013401430000
-0.002013401430000
-0.002021751640000
-0.002021751640000
-0.002030573410000
-0.002030573410000
0.001436555340000
0.001427791370000
0.001436555340000
0.001427791370000
0.001448198960000
0.001439377190000
0.001448198960000
-0.000405294300000
-0.000405294300000
-0.000406349200000
-0.000406349200000
-0.000409005090000
-0.000409005090000
-0.000410063760000
-0.000410063760000
0.000290929310000
0.000289874410000
0.000290929310000
0.000289874410000
0.000293227510000
0.000292168840000
0.000293227510000
-0.000274196130000
-0.000274196130000
-0.000274693660000
-0.000274693660000
-0.000276811560000
-0.000276811560000
-0.000277313430000
-0.000277313430000
0.000148293900000
0.000147796370000
0.000148293900000
0.000147796370000
0.000149802490000
0.000149300620000
0.000149802490000
-0.000176561500000
-0.000176561500000
-0.000176902930000
-0.000176902930000
-0.000178091950000
-0.000178091950000
-0.000178434950000
-0.000178434950000
0.000108022870000
0.000107681440000
0.000108022870000
0.000107681440000
0.000108897320000
0.000108554320000
0.000108897320000
-0.000098456671000
-0.000098456671000
-0.000098577492000
-0.000098577492000
-0.000099487757000
-0.000099487757000
-0.000099609186000
-0.000099609186000
0.000054300957000
0.000054180136000
0.000054300957000
0.000054180136000
0.000054851201000
0.000054729772000
0.000054851201000
-0.000074996665000
-0.000074996665000
-0.000075057232000
-0.000075057232000
-0.000075824020000
-0.000075824020000
-0.000075885054000
-0.000075885054000
0.000035420899000
0.000035360332000
0.000035420899000
0.000035360332000
0.000035863938000
0.000035802904000
0.000035863938000
-0.000237900000000
-0.000237900000000
-0.000232444000003
-0.000232444000003
-0.000237020999999
-0.000237020999999
-0.000231722999999
-0.000231722999999
0.000210145000001
0.000215600999998
0.000210145000001
0.000215600999998
0.000200715000004
0.000206013000004
0.000200715000004
