0.048453559765119
0.021314088293210
0.009388016294768
0.062940790850829
0.295693214195885
-0.000000000369450
-0.800967922812670
-0.565545432159417
0.800967922812670
0.800967922812670
-0.000000000000267
-0.000000000001093
-0.020945156455356
-0.020945156455356
0.005744570771147
0.800967922812670
-0.800967922812661
-0.800967922811911
-0.800967922799985
-0.726083428812178
0.001899070871375
0.032741271715650
-0.004704126908294
0.006871378293011
0.023864150461506
-0.360032914198055
-0.000000000170800
0.596701741933417
0.800967922812308
0.800967922812440
0.800967922812596
-0.000000000000367
-0.000000000000495
0.006819536517848
0.006819536517848
0.199237782249146
-0.800967922812670
-0.800967922812670
0.800967922812451
0.800967922812659
0.800967922812575
0.000487711392989
-0.200694496928162
0.005280462753444
0.041617280691059
-0.116427636760944
0.764581560242966
0.000000000811073
0.800967922812670
0.800967922811356
-0.800967922812670
-0.800967922812670
0.000000000000510
0.000000000002222
0.012157542376147
0.012157542376147
-0.526675089208842
0.800967922812670
0.800967922812670
0.514602416458255
-0.800967922812670
-0.800967922812670
0.001519113649381
-0.048193051026233
0.028037602301997
0.038077557428577
-0.096831070089251
-0.021437284084458
0.000000005998223
0.800967922812078
-0.800967922812670
-0.800967922812667
-0.800967922812664
0.000000000013210
0.000000000017095
0.027663673789718
0.027663673789718
-0.240924837336383
0.638824810113130
0.800967922812647
0.800967922812668
-0.800967922812670
-0.800967922812655
-0.005245720162307
0.184118916652504
-0.026120795771997
-0.049269795485366
0.100382087314224
0.482906770881394
-0.000000005546083
-0.800967922812670
-0.800967922812670
-0.800967922812667
-0.800967922812662
-0.000000000008256
-0.000000000015492
-0.007998965122659
-0.007998965122659
-0.055488072197419
0.800967922811712
0.800967921656969
-0.800967922812670
-0.800967922812665
-0.800967922812661
-0.000010025733858
-0.048193051026233
0.028037602301997
0.038077557428577
-0.096831070089251
-0.021437284084458
0.000000005998223
0.800967922812078
-0.800967922812670
-0.800967922812667
-0.800967922812664
0.000000000013210
0.000000000017095
0.027663673789718
0.027663673789718
-0.240924837336383
0.638824810113130
0.800967922812647
0.800967922812668
-0.800967922812670
-0.800967922812655
-0.005245720162307
0.184118916652504
-0.026120795771997
-0.049269795485366
0.100382087314224
0.482906770881394
-0.000000005546083
-0.800967922812670
-0.800967922812670
-0.800967922812667
-0.800967922812662
-0.000000000008256
-0.000000000015492
-0.007998965122659
-0.007998965122659
-0.055488072197419
0.800967922811712
0.800967921656969
-0.800967922812670
-0.800967922812665
-0.800967922812661
-0.000010025733858
0.184118916652504
-0.026120795771997
-0.049269795485366
0.100382087314224
0.482906770881394
-0.000000005546083
-0.800967922812670
-0.800967922812670
-0.800967922812667
-0.800967922812662
-0.000000000008256
-0.000000000015492
-0.007998965122659
-0.007998965122659
-0.055488072197419
0.800967922811712
0.800967921656969
-0.800967922812670
-0.800967922812665
-0.800967922812661
-0.000010025733858
0.147893039189106
-0.027477516150097
-0.043319802514119
0.299569977614321
-0.741951975421630
0.000000004234024
-0.518029728954480
-0.800967922812670
-0.800967922812669
-0.800967922812670
0.000000000004274
0.000000000011364
-0.019992893775740
-0.019992893775740
0.453348994511681
-0.800967922812670
0.800967922812646
0.800967922812430
0.800967922712649
-0.800967922812670
-0.001881233387707
-0.038180256360615
-0.002369874322807
-0.001117070004820
-0.079807968041927
0.800967922812670
-0.000000011316390
-0.296709994602389
-0.800967922812670
-0.579283674178925
0.800967921758288
-0.000000000019815
-0.000000000032441
0.010965389464796
0.010965389464796
-0.644816063617236
0.022977538533163
-0.800967922812670
0.800967922799522
0.800967922806310
0.800967922804799
-0.000674338351973
-0.041558067618145
-0.010070022997433
-0.008224959924993
-0.126858939697963
0.737651656644398
0.000000006921191
0.800967922812612
0.800967922812670
0.800967922812521
0.800967922812602
0.000000000018260
0.000000000020009
0.018537137314232
0.018537137314232
-0.576959076616424
0.335159424498449
-0.800967922812670
-0.800967922812670
-0.800967922812670
-0.800967922812670
-0.001455508525353
-0.107311254155733
0.000108562828764
0.004018204255413
-0.076753093288552
0.111832137359048
-0.000000007009348
0.800967922812670
0.800967922812670
0.800967922812670
0.800967922812670
-0.000000000012627
-0.000000000020300
-0.000444166012953
-0.000444166012953
-0.260421235896501
-0.800967922812670
-0.076589200032295
-0.800967922812670
-0.800967922790130
0.671670410356963
-0.007435328592883
0.008421362037735
0.001724280942891
-0.007589577833580
-0.063278101128012
0.583774031426937
0.000000000536700
-0.800967922812657
-0.800967922812670
-0.800967922812670
0.800967922812670
0.000000000001475
0.000000000001481
-0.002276463542765
-0.002276463542765
-0.225870456277435
0.800967922812670
-0.672175952358305
0.513956274502430
-0.800967922812670
0.800967922812670
-0.000443449314245
-0.014950194183869
-0.004559031446094
-0.017891938448706
-0.013598119210356
0.439783200320093
-0.000000004094494
-0.800967922812670
-0.800967922812530
-0.769375393835715
0.800967922812670
-0.000000000014181
-0.000000000011656
-0.017383460018216
-0.017383460018216
-0.100844460426584
0.800967922812670
-0.409324092746925
-0.800967922810047
-0.800967922812600
0.800967922812670
-0.006661504637018
0.036174337387907
-0.002474687476240
-0.021150588043569
0.038625217401003
0.059304313786263
0.000000010586360
-0.800967922810727
-0.800967922812657
-0.800967922812670
0.800967922812670
0.000000000021951
0.000000000029916
-0.024715153430579
-0.024715153430579
0.291739648235008
0.800967922812670
-0.800967922810077
-0.800967922812605
-0.105108563722016
0.800967922812670
-0.001557367543273
-0.007322319949687
0.003560030577186
-0.004429371761815
-0.040189104725715
0.443649353167744
0.000000010437605
-0.800967922812535
-0.800967922812213
-0.800967922745907
0.800967922812670
0.000000000019815
0.000000000029722
0.001788718261597
0.001788718261597
-0.253384480561135
0.800967922812662
-0.800967922812664
0.004183436600640
0.584036149901745
0.800967922812670
0.000056351822176
0.010983227720192
0.004379348288901
-0.004913564160142
-0.001159414767681
0.185548232012565
0.000000013569858
-0.800967922812550
-0.800967922810666
-0.800967922812670
0.327286903642108
0.000000000022534
0.000000000039046
-0.007605293648213
-0.007605293648213
0.048169081214366
0.800967922812666
-0.800967922812669
-0.319780519119212
0.800967921928692
0.800967922809039
0.000160531192822
0.040658084030177
-0.004809303271291
-0.001733357430685
0.032892948728491
0.211146056186135
0.000000004397932
-0.800967786050236
-0.800967922763919
-0.800967922805618
-0.800967922812575
0.000000000007965
0.000000000012141
0.002278936472852
0.002278936472852
-0.104293161095155
-0.443440914755037
0.800967922812670
0.800967922812670
0.800967922812670
0.399719732372339
-0.000016477947900
-0.039379021340405
0.018240174608726
0.027001586622019
-0.027280078630520
-0.233338452474549
-0.000000007678866
-0.445662900311385
-0.800414274757896
0.800888342583941
-0.386091089036337
-0.000000000014958
-0.000000000021757
0.003809002005371
0.003809002005371
0.117667224606999
-0.045068153428314
-0.007367620668436
0.800967677663716
0.800967095118885
0.800920803879355
0.002977304829832
-0.041436613800365
0.026790752870169
0.052507088513015
-0.202077077945107
0.417950064922967
0.000000000628135
0.800967922812670
0.800967922812670
0.800967922812670
-0.032639768335964
-0.000000000000680
0.000000000001724
0.071688858374828
0.071688858374828
-0.800967922812670
0.228694811969315
-0.059717243991522
0.800967922812670
0.800967922812670
-0.800967922812670
0.010317203544672
-0.009294939163913
-0.000891604658568
0.010137138429929
-0.008549486222516
-0.162667281881130
-0.000000002025722
0.800967922811580
0.800967922809516
0.537806098759633
-0.800967922812602
-0.000000000003448
-0.000000000005828
0.010108369340965
0.010108369340965
-0.071591187359160
-0.800967922812375
0.800967922812670
0.800967922720416
-0.551873979331224
-0.800967922812670
0.000556185662100
0.017785377941183
0.014434805646730
0.019682857571096
0.095487171797194
-0.800967922812670
-0.000000000630569
-0.800967922812670
-0.593104651513485
-0.697113068779243
-0.800967922812670
-0.000000000000304
-0.000000000001700
-0.025764617781060
-0.025764617781060
0.800967922812670
-0.065497861036229
0.800967922812670
0.800967922812670
0.800967922812670
0.800967922812670
0.005678734147540
0.001484192576671
-0.005136718253303
0.013903758059099
0.014332648934211
-0.219742320636523
-0.000000000040585
-0.533495414598463
0.800967922812565
0.800967922812657
0.800967922812596
0.000000000000489
-0.000000000000176
0.011926466633963
0.011926466633963
-0.093556244996676
0.523887633895337
-0.800967922812670
-0.800967922812670
-0.543382219315649
0.800967922812620
0.000312768199840
-0.113473408595187
0.008481123014549
0.029989524461614
-0.282908672642773
0.800967922812669
0.000000001690902
0.800967922812670
0.800967922812670
0.253240814528403
-0.800967922812670
0.000000000001651
0.000000000004699
-0.030733100619888
-0.030733100619888
-0.099681221003699
-0.800967922812670
0.800967922812670
0.800967922812670
0.361217481617047
-0.800967922812670
-0.000243414838140
