-0.05660381612729281
-0.08077799342770334
-0.08399072706680796
-0.23984937017627853
-0.764639853890365
-0.36261467443739526
1.3044421840276812
-0.3706316171074261
-0.6542367521233458
-0.38060321622610166
-0.015905578774312378
1.7867113218740535e-05
0.05357432982034955
0.11698377468094515
0.9532571922392084
0.7084222358585486
-1.926703695547865
0.7225865320178682
0.8439106218101486
0.34529842613499667
0.006600143872191199
0.11474814474870532
0.1587095437075622
0.17437809059112175
0.366020455421307
0.8201765995517369
0.6376417255593694
0.28791593206993565
0.6918195255468577
0.7722820965848899
0.5469546190060245
0.10445530510619863
0.1403084266062681
0.14463052356898398
0.2982330154560696
0.46906475778791684
0.4280655137687274
0.8879273344050647
0.5043364779448571
0.4555703208295333
0.36871842089190016
0.1441580412989696
0.1631604876626681
0.3052784171682574
0.36408733661219317
1.1962499347518434
3.6999511819970845
-3.5490280848553017
0.10718246961694851
2.3679328164300864
-3.0048973394995127
-2.154934661014216
0.16014227598517025
0.3070183863070346
0.4854979855342956
1.1468831836886735
2.0973580764198507
-3.721142364546647
-0.2309269693862598
3.1624650303628683
-1.7243447678654125
-1.5578998352184408
-0.0422392165389672
-0.1766079596991391
-0.24565783442849082
-0.2704353106558768
-0.5753092775644791
-1.308243359940902
-0.9090594863172391
-0.41912935622842146
-1.082169973560209
-1.121345885624404
-0.7935670009358634
-0.1607583068115418
-0.21740787237929896
-0.2266071025788765
-0.470473494918762
-0.7478186466499884
-0.5995225835917604
-1.3355468033275806
-0.7802687138871276
-0.6457288508544404
-0.5269382978053946
-0.40606238685698437
-0.29696642577659405
-0.401312513606798
-0.4220917433101348
-0.9275319789343307
-1.5690389602005121
-0.7304748116852258
-4.13537901266158
-1.298760820608407
-0.640341409089228
-0.7422651265736943
-0.21648745030033098
-0.2505257467472392
-0.211819087075963
-0.25612882784031327
1.5565404754098857
0.7156996510800562
-8.403638668563342
0.3506214316891505
1.7568952412486645
0.6278263576713603
-0.7433836793529415
-0.1766079596991391
-0.24565783442849082
-0.2704353106558768
-0.5753092775644791
-1.308243359940902
-0.9090594863172391
-0.41912935622842146
-1.082169973560209
-1.121345885624404
-0.7935670009358634
-0.1607583068115418
-0.21740787237929896
-0.2266071025788765
-0.470473494918762
-0.7478186466499884
-0.5995225835917604
-1.3355468033275806
-0.7802687138871276
-0.6457288508544404
-0.5269382978053946
-0.40606238685698437
-0.29696642577659405
-0.401312513606798
-0.4220917433101348
-0.9275319789343307
-1.5690389602005121
-0.7304748116852258
-4.13537901266158
-1.298760820608407
-0.640341409089228
-0.7422651265736943
-0.21648745030033098
-0.2505257467472392
-0.211819087075963
-0.25612882784031327
1.5565404754098857
0.7156996510800562
-8.403638668563342
0.3506214316891505
1.7568952412486645
0.6278263576713603
-0.7433836793529415
-0.29696642577659405
-0.401312513606798
-0.4220917433101348
-0.9275319789343307
-1.5690389602005121
-0.7304748116852258
-4.13537901266158
-1.298760820608407
-0.640341409089228
-0.7422651265736943
-0.21648745030033098
-0.2505257467472392
-0.211819087075963
-0.25612882784031327
1.5565404754098857
0.7156996510800562
-8.403638668563342
0.3506214316891505
1.7568952412486645
0.6278263576713603
-0.7433836793529415
