-1.245311476176580
0.179630610677027
-0.034916534262518
-0.025104582057848
-0.351358284318757
-3.916610164262469
4.535858339111674
10.197144784225539
4.683059806875882
2.787754209057931
-0.053628335221703
0.090470238419156
-0.148602590571613
0.325973067117370
-1.364329263578945
-16.221988054806676
6.992433182863655
7.682450335210730
6.111510157823114
6.016313540536604
-0.000622538279683
0.017255893901919
-0.009423307603433
0.008692402059969
-0.007236515731716
-0.160445820974824
-1.056986616350397
1.609306064070930
2.086426087067689
1.521107978243845
1.346535232665138
0.139664241939890
-0.017659227124181
0.009980191076115
-0.002957826059681
-0.029518818261263
0.035021758596864
-0.781401390086919
0.432995128939220
0.493358184629346
0.592775440741449
0.000298653297084
3.712306541500686
-0.627676760533007
0.518641466759397
-0.871300209000004
9.215052335659736
-46.903048955388641
1.015425472617332
18.954599218991163
-4.528447917092411
-10.534734594027979
-5.170484199429031
0.511847952262820
-0.301850321605454
0.990942254464169
-13.132378030596357
12.537840126109556
28.852271497120210
39.298355978602935
6.737749455423232
-0.703229277756381
0.003375875808027
0.426805508789105
0.073376810402420
0.070548550556998
0.071505644171176
0.987043464174794
3.142061398490117
-5.299749011299299
-6.790749807076865
-5.178566260883762
-4.657091772292703
-0.506875013338878
0.168991268700741
0.079621281387674
0.137370247858852
-0.216000183033953
0.821693402620095
2.981024137359015
-0.896166906542231
-1.627373832649693
-2.093991953154293
0.000016459420301
-1.275887834757107
0.525948210178568
-0.443483312125765
0.420231546676225
-0.640468218083775
-2.442497558785322
2.841652279643692
2.401887324683119
3.496703912790088
3.826727324575623
-0.369853073784347
0.607400153322553
-0.615578363283268
0.472530993449247
1.014975217474857
-1.065722882200011
-7.766114936139649
-4.335718149750688
-1.197446556906149
-0.143931829732543
-0.007237818973029
0.426805508789105
0.073376810402420
0.070548550556998
0.071505644171176
0.987043464174794
3.142061398490117
-5.299749011299299
-6.790749807076865
-5.178566260883762
-4.657091772292703
-0.506875013338878
0.168991268700741
0.079621281387674
0.137370247858852
-0.216000183033953
0.821693402620095
2.981024137359015
-0.896166906542231
-1.627373832649693
-2.093991953154293
0.000016459420301
-1.275887834757107
0.525948210178568
-0.443483312125765
0.420231546676225
-0.640468218083775
-2.442497558785322
2.841652279643692
2.401887324683119
3.496703912790088
3.826727324575623
-0.369853073784347
0.607400153322553
-0.615578363283268
0.472530993449247
1.014975217474857
-1.065722882200011
-7.766114936139649
-4.335718149750688
-1.197446556906149
-0.143931829732543
-0.007237818973029
-1.275887834757107
0.525948210178568
-0.443483312125765
0.420231546676225
-0.640468218083775
-2.442497558785322
2.841652279643692
2.401887324683119
3.496703912790088
3.826727324575623
-0.369853073784347
0.607400153322553
-0.615578363283268
0.472530993449247
1.014975217474857
-1.065722882200011
-7.766114936139649
-4.335718149750688
-1.197446556906149
-0.143931829732543
-0.007237818973029
