-1.167064076727101
0.168123807227972
-0.026806659648148
-0.040202541428934
-0.199585718738901
-4.985059586239611
4.604375939298437
10.780046607028215
4.810318098250595
2.787052847735336
-0.148652723310920
0.098193543199138
-0.152510234619012
0.340267955429719
-1.538977484350726
-16.055387737602615
7.508019435835982
8.005758172293026
6.081642788286789
6.160815028544614
-0.000659528118754
0.017857723831545
-0.009789450519101
0.008992531586532
-0.006133427783181
-0.174963895011855
-1.169404711270005
1.681431496444664
2.209912045226722
1.624842323039154
1.445979882043915
0.137743733433509
-0.017503551609760
0.010759966363556
-0.007822553996884
0.018562631557516
0.103473034958290
-0.993829126534858
0.362145809321068
0.452636087515467
0.586863593034493
0.000310329704417
3.896609182977154
-0.653136271323308
0.523040177892371
-0.863231874448463
9.309798800648746
-49.073168528628948
1.055282255447979
20.329010321072541
-3.493814416146285
-9.468174923894773
-5.105439483255311
0.467868277490557
-0.248867774083747
0.850465022545222
-11.880672656040510
12.683218027241512
27.421743011386347
36.663869328181882
5.491305917453221
-0.198794591066318
0.003659588775611
0.411208483562503
0.071830190601465
0.072802395542454
0.078488313537345
0.901777987962709
2.723111521169502
-4.715907392746090
-6.526454268129982
-4.580609079743346
-3.949033671141639
-0.449133865717802
0.158566976541471
0.092102780784182
0.100441995825081
0.160583254366955
1.170757977416854
1.475949211744729
-1.732782541415174
-1.897193349380287
-2.242434219953618
0.000221723550322
-1.262308440290802
0.536537567878639
-0.453693387086607
0.420132351277196
-0.633185519844908
-1.343618848860436
1.860897068016084
1.776112629454007
2.305696342832067
2.445137508582992
-0.594156484887151
0.649886714590587
-0.657776131874542
0.558439751946697
0.168755618785883
-1.510985789484353
-4.773007831221445
-2.480145423655216
-0.527463077279109
0.091607115125323
-0.008157787820976
0.411208483562503
0.071830190601465
0.072802395542454
0.078488313537345
0.901777987962709
2.723111521169502
-4.715907392746090
-6.526454268129982
-4.580609079743346
-3.949033671141639
-0.449133865717802
0.158566976541471
0.092102780784182
0.100441995825081
0.160583254366955
1.170757977416854
1.475949211744729
-1.732782541415174
-1.897193349380287
-2.242434219953618
0.000221723550322
-1.262308440290802
0.536537567878639
-0.453693387086607
0.420132351277196
-0.633185519844908
-1.343618848860436
1.860897068016084
1.776112629454007
2.305696342832067
2.445137508582992
-0.594156484887151
0.649886714590587
-0.657776131874542
0.558439751946697
0.168755618785883
-1.510985789484353
-4.773007831221445
-2.480145423655216
-0.527463077279109
0.091607115125323
-0.008157787820976
-1.262308440290802
0.536537567878639
-0.453693387086607
0.420132351277196
-0.633185519844908
-1.343618848860436
1.860897068016084
1.776112629454007
2.305696342832067
2.445137508582992
-0.594156484887151
0.649886714590587
-0.657776131874542
0.558439751946697
0.168755618785883
-1.510985789484353
-4.773007831221445
-2.480145423655216
-0.527463077279109
0.091607115125323
-0.008157787820976
