-0.018988442990210
0.012241937252790
0.070629308054771
0.096283867637345
-0.961838385553003
0.000000000000000
-0.805325256186086
-0.749211904426466
-0.756600416839089
-0.053370808786609
0.000000000000000
0.000000000000000
-0.103242134208416
-0.103242134208416
0.911352630580154
0.580202917538565
0.619737044220537
0.590686696403269
0.571159260946122
0.599216549365497
0.000826737615417
0.497962865393279
-0.094265917195930
0.049778170839511
-0.069006485433882
0.293635377502603
-0.000000000000000
0.132614056034600
0.108534827312523
0.095553234241553
0.083692424078030
0.000000000000000
0.000000000000000
-0.004039495799630
-0.004039495799630
0.026728489124624
0.146288249912747
0.114677871765656
0.098535732532088
0.091189938919629
0.081465878287731
-0.000422558446285
0.361527503166306
0.145001266746023
0.064942488081433
0.500768775781001
-0.971356708627614
0.000000000000001
-0.971356708627661
-0.971356708627658
-0.971356708627656
-0.971356708627659
0.000000000000000
0.000000000000000
0.295974899809375
0.295974899809375
0.961896842121234
-0.971356708627664
-0.971356708627664
-0.971356708627664
-0.971356708627664
-0.971356708627664
0.047828279844490
-0.834754928301902
0.180539194828197
-0.093593881303180
0.111338494312440
-0.188679988584813
-0.000000000000000
-0.140768799217055
-0.124763283198145
-0.112366427026003
-0.109476413954618
0.000000000000000
0.000000000000000
0.039934493795092
0.039934493795092
-0.399264610974767
-0.220098188963149
-0.184745445693231
-0.149958994188596
-0.134931688464676
-0.124841289227075
-0.016737000036756
-0.971356708627664
0.469841107015376
-0.599516163426389
0.320987389776911
-0.503718056761392
0.000000000000000
-0.971356708627664
-0.971356708627664
-0.971356708627664
-0.971356708627664
0.000000000000000
0.000000000000000
-0.234285941236497
-0.234285941236497
0.971356708627664
0.971356708627664
0.971356708627664
-0.971356708627277
-0.971356708627664
-0.971356708627664
-0.035451164941939
-0.834754928301902
0.180539194828197
-0.093593881303180
0.111338494312440
-0.188679988584813
-0.000000000000000
-0.140768799217055
-0.124763283198145
-0.112366427026003
-0.109476413954618
0.000000000000000
0.000000000000000
0.039934493795092
0.039934493795092
-0.399264610974767
-0.220098188963149
-0.184745445693231
-0.149958994188596
-0.134931688464676
-0.124841289227075
-0.016737000036756
-0.971356708627664
0.469841107015376
-0.599516163426389
0.320987389776911
-0.503718056761392
0.000000000000000
-0.971356708627664
-0.971356708627664
-0.971356708627664
-0.971356708627664
0.000000000000000
0.000000000000000
-0.234285941236497
-0.234285941236497
0.971356708627664
0.971356708627664
0.971356708627664
-0.971356708627277
-0.971356708627664
-0.971356708627664
-0.035451164941939
-0.971356708627664
0.469841107015376
-0.599516163426389
0.320987389776911
-0.503718056761392
0.000000000000000
-0.971356708627664
-0.971356708627664
-0.971356708627664
-0.971356708627664
0.000000000000000
0.000000000000000
-0.234285941236497
-0.234285941236497
0.971356708627664
0.971356708627664
0.971356708627664
-0.971356708627277
-0.971356708627664
-0.971356708627664
-0.035451164941939
