-0.943553425948348
0.131183040285945
-0.010539547319967
-0.054238614768953
-0.012412885748998
-6.055585634115822
4.744499517766716
9.466437509918270
5.359033202560862
3.767684940850192
-0.184306786057322
0.081833621148261
-0.130837942158308
0.270331710077346
-1.009913577101577
-15.318000788046168
7.183269668620035
5.603598520142354
6.159694357053416
6.520873751186970
-0.000902995717719
0.116917288228055
-0.014653829144826
0.012646857910236
-0.008004817493031
-0.097201506847462
0.075317283478713
0.459213964897572
1.069965351024565
0.241095451499526
0.030921055964370
0.039942360973248
0.000954390079301
-0.005054558621376
0.028958962847777
-0.400152664815475
0.212948014987640
1.059598415441259
1.343095419087329
0.480604944526382
0.274605561367254
0.000585741297301
4.035350158926151
-0.552450637831058
0.518306251857968
-0.753949894568724
9.055856782595278
-15.993371906144919
-23.733385610227643
23.382416995208530
-36.461300233204483
-47.576557318295627
-4.302474083130537
0.532719134875350
-0.414159323976015
1.387172318525687
-17.747774646766107
12.312997729783049
47.491613133286883
81.710324527520555
-8.346579865202239
-29.299514751504873
0.012415437309244
0.553472168291328
0.094906022127121
0.039873443697524
0.159717247197983
0.082250692615878
12.440865307971842
-10.266777906866842
-6.554245616929473
-12.226334962318941
-12.700910661696499
-0.380000716333826
0.179467973810540
0.063620016319046
0.112965282703020
-0.014195679363445
0.172861869402484
4.265332180399418
7.891466822501619
-5.324164056081062
-8.628040180960721
0.000429260990533
-1.340851348024072
0.424049538716895
-0.399485967534090
0.242264425014881
0.612588444583597
-32.534005862440587
21.170919772746345
7.820363835345102
27.496264465404110
30.209785796280805
-1.371629074317942
0.636628383086914
-0.568627127202149
0.297077920063241
2.953312941694094
-0.607012147887481
-18.802546170194955
-29.097290504279457
8.709731319825075
18.121286672829399
-0.014423843586058
0.553472168291328
0.094906022127121
0.039873443697524
0.159717247197983
0.082250692615878
12.440865307971842
-10.266777906866842
-6.554245616929473
-12.226334962318941
-12.700910661696499
-0.380000716333826
0.179467973810540
0.063620016319046
0.112965282703020
-0.014195679363445
0.172861869402484
4.265332180399418
7.891466822501619
-5.324164056081062
-8.628040180960721
0.000429260990533
-1.340851348024072
0.424049538716895
-0.399485967534090
0.242264425014881
0.612588444583597
-32.534005862440587
21.170919772746345
7.820363835345102
27.496264465404110
30.209785796280805
-1.371629074317942
0.636628383086914
-0.568627127202149
0.297077920063241
2.953312941694094
-0.607012147887481
-18.802546170194955
-29.097290504279457
8.709731319825075
18.121286672829399
-0.014423843586058
-1.340851348024072
0.424049538716895
-0.399485967534090
0.242264425014881
0.612588444583597
-32.534005862440587
21.170919772746345
7.820363835345102
27.496264465404110
30.209785796280805
-1.371629074317942
0.636628383086914
-0.568627127202149
0.297077920063241
2.953312941694094
-0.607012147887481
-18.802546170194955
-29.097290504279457
8.709731319825075
18.121286672829399
-0.014423843586058
