0.002201543550000
0.002201543550000
0.002192776930000
0.002192776930000
0.002219755430000
0.002219755430000
0.002210922770000
0.002210922770000
-0.001408433120000
-0.001417199740000
-0.001408433120000
-0.001417199740000
-0.001419961130000
-0.001428793790000
-0.001419961130000
0.010527577800000
0.010527577800000
0.010415903600000
0.010415903600000
0.010580754000000
0.010580754000000
0.010468805500000
0.010468805500000
-0.014448527700000
-0.014560201900000
-0.014448527700000
-0.014560201900000
-0.014517377300000
-0.014629325800000
-0.014517377300000
0.000472608600000
0.000472608600000
0.000465256900000
0.000465256900000
0.000473852900000
0.000473852900000
0.000466504600000
0.000466504600000
-0.026312037600000
-0.026319389300000
-0.026312037600000
-0.026319389300000
-0.026372195900000
-0.026379544200000
-0.026372195900000
-0.010842855900000
-0.010842855900000
-0.010724574000000
-0.010724574000000
-0.010895975600000
-0.010895975600000
-0.010777433500000
-0.010777433500000
-0.015729635900000
-0.015611354000000
-0.015729635900000
-0.015611354000000
-0.015801754600000
-0.015683212500000
-0.015801754600000
-0.002185958970000
-0.002185958970000
-0.002176255150000
-0.002176255150000
-0.002204137660000
-0.002204137660000
-0.002194371990000
-0.002194371990000
-0.001535308940000
-0.001525605120000
-0.001535308940000
-0.001525605120000
-0.001546950000000
-0.001537184330000
-0.001546950000000
-0.000479613950000
-0.000479613950000
-0.000478206080000
-0.000478206080000
-0.000484039400000
-0.000484039400000
-0.000482622490000
-0.000482622490000
-0.000328425860000
-0.000327017990000
-0.000328425860000
-0.000327017990000
-0.000330969040000
-0.000329552130000
-0.000330969040000
-0.000286443190000
-0.000286443190000
-0.000285926700000
-0.000285926700000
-0.000289206010000
-0.000289206010000
-0.000288684310000
-0.000288684310000
-0.000154711260000
-0.000154194770000
-0.000154711260000
-0.000154194770000
-0.000156179460000
-0.000155657760000
-0.000156179460000
-0.000170082660000
-0.000170082660000
-0.000169788700000
-0.000169788700000
-0.000171674520000
-0.000171674520000
-0.000171378280000
-0.000171378280000
-0.000101427070000
-0.000101133110000
-0.000101427070000
-0.000101133110000
-0.000102270880000
-0.000101974640000
-0.000102270880000
-0.000105220836000
-0.000105220836000
-0.000105080272000
-0.000105080272000
-0.000106277318000
-0.000106277318000
-0.000106135636000
-0.000106135636000
-0.000060919687000
-0.000060779123000
-0.000060919687000
-0.000060779123000
-0.000061440816000
-0.000061299134000
-0.000061440816000
-0.000074801528000
-0.000074801528000
-0.000074739800000
-0.000074739800000
-0.000075644004000
-0.000075644004000
-0.000075581383000
-0.000075581383000
-0.000038061116000
-0.000037999388000
-0.000038061116000
-0.000037999388000
-0.000038473604000
-0.000038410983000
-0.000038473604000
0.002003494920000
0.002003494920000
0.002011651410000
0.002011651410000
0.002020153000000
0.002020153000000
0.002028371350000
0.002028371350000
0.001346749110000
0.001354905600000
0.001346749110000
0.001354905600000
0.001358126560000
0.001366344910000
0.001358126560000
0.008380188300000
0.008380188300000
0.008467210800000
0.008467210800000
0.008426403000000
0.008426403000000
0.008513703300000
0.008513703300000
0.012010389900000
0.012097412400000
0.012010389900000
0.012097412400000
0.012075232400000
0.012162532700000
0.012075232400000
0.000253901500000
0.000253901500000
0.000258691100000
0.000258691100000
0.000252853300000
0.000252853300000
0.000257615600000
0.000257615600000
0.020569212800000
0.020574002400000
0.020569212800000
0.020574002400000
0.020637598400000
0.020642360700000
0.020637598400000
-0.008502745100000
-0.008502745100000
-0.008593490300000
-0.008593490300000
-0.008549374400000
-0.008549374400000
-0.008640402700000
-0.008640402700000
0.013115403800000
0.013024658600000
0.013115403800000
0.013024658600000
0.013184067900000
0.013093039600000
0.013184067900000
-0.001972732490000
-0.001972732490000
-0.001981511540000
-0.001981511540000
-0.001989620370000
-0.001989620370000
-0.001998459550000
-0.001998459550000
0.001438034070000
0.001429255020000
0.001438034070000
0.001429255020000
0.001449590310000
0.001440751130000
0.001449590310000
-0.000417893250000
-0.000417893250000
-0.000419084890000
-0.000419084890000
-0.000421606900000
-0.000421606900000
-0.000422804400000
-0.000422804400000
0.000302211050000
0.000301019410000
0.000302211050000
0.000301019410000
0.000304552750000
0.000303355250000
0.000304552750000
-0.000275105350000
-0.000275105350000
-0.000275598810000
-0.000275598810000
-0.000277766180000
-0.000277766180000
-0.000278265100000
-0.000278265100000
0.000147472740000
0.000146979280000
0.000147472740000
0.000146979280000
0.000148995130000
0.000148496210000
0.000148995130000
-0.000174716790000
-0.000174716790000
-0.000175024510000
-0.000175024510000
-0.000176310900000
-0.000176310900000
-0.000176621040000
-0.000176621040000
0.000101042270000
0.000100734550000
0.000101042270000
0.000100734550000
0.000101927190000
0.000101617050000
0.000101927190000
-0.000101400757000
-0.000101400757000
-0.000101531282000
-0.000101531282000
-0.000102425077000
-0.000102425077000
-0.000102556829000
-0.000102556829000
0.000056464818000
0.000056334293000
0.000056464818000
0.000056334293000
0.000057016699000
0.000056884947000
0.000057016699000
-0.000073270451000
-0.000073270451000
-0.000073329379000
-0.000073329379000
-0.000074087635000
-0.000074087635000
-0.000074147530000
-0.000074147530000
0.000035397920000
0.000035338992000
0.000035397920000
0.000035338992000
0.000035837307000
0.000035777412000
0.000035837307000
-0.000061283999997
-0.000061283999997
-0.000035642000001
-0.000035642000001
-0.000070272999997
-0.000070272999997
-0.000045372000002
-0.000045372000002
0.000511909000001
0.000537550999996
0.000511909000001
0.000537550999996
0.000494974000004
0.000519874999999
0.000494974000004
