0.615443792485541
-0.072526184480631
0.013679818977991
0.105346473778784
-1.938734319681384
-0.000000000001483
2.796302938154817
0.038082823911777
-1.132629467687826
-0.167701337912641
-1.154152491860488
0.129175751788578
-0.213517904985704
-0.213517904985704
1.554361342430732
0.906920010488345
-2.448483709371165
3.108053105841658
2.503088078266885
-0.103208937431603
-0.011579059935237
0.201926847620970
-0.016546961823038
0.003135585984060
0.001716989883572
-0.074046682063204
-0.000000000000702
-0.225226252816416
0.597641431610506
0.870357498323838
0.845053729316162
-0.074034377674218
0.008206355383428
0.002239680299302
0.002239680299302
-0.077654243905490
0.164876648797964
0.521788074551394
-0.086561980180357
0.468447995120816
0.786487657675752
0.000413107161901
1.696508432792769
-0.194057319384158
0.087447312404883
0.382158542449302
-1.563576405850430
0.000000000000583
4.892553767280932
-5.381151930790402
-3.874982695081237
-1.424066125168530
-0.559966810658879
-0.029074117135317
0.138366272517350
0.138366272517350
1.957504143811860
-1.494363098184327
-4.515007803617086
2.024037046759712
0.896054495234624
-1.502806255555053
0.026163503389086
-0.308452924708489
0.036308971127085
0.001872365561030
0.027666234255584
-0.024928658632523
0.000000000001336
0.764783556463409
-0.630798552672788
-1.986592675921296
-2.061062580824260
0.129905373709856
0.007200338493298
-0.001542632422661
-0.001542632422661
0.232774402840707
0.392619787452949
-1.683481612506444
0.315846735366505
-0.642213040103278
-1.892243930235225
-0.019301263779127
-2.934986423021850
0.509905582653200
0.001065755625938
-0.180749736170361
5.934598587831728
0.000000000011922
-6.874242025869066
-1.042490324676975
-7.275873800509671
-11.283158576236152
5.803968497874053
-0.403522180855342
0.181378310647173
0.181378310647173
0.377973923487767
-1.438829934292569
0.194608299482472
-3.919015361367792
-10.658733174871513
-10.238437324039539
0.026510478586737
-0.308452924708489
0.036308971127085
0.001872365561030
0.027666234255584
-0.024928658632523
0.000000000001336
0.764783556463409
-0.630798552672788
-1.986592675921296
-2.061062580824260
0.129905373709856
0.007200338493298
-0.001542632422661
-0.001542632422661
0.232774402840707
0.392619787452949
-1.683481612506444
0.315846735366505
-0.642213040103278
-1.892243930235225
-0.019301263779127
-2.934986423021850
0.509905582653200
0.001065755625938
-0.180749736170361
5.934598587831728
0.000000000011922
-6.874242025869066
-1.042490324676975
-7.275873800509671
-11.283158576236152
5.803968497874053
-0.403522180855342
0.181378310647173
0.181378310647173
0.377973923487767
-1.438829934292569
0.194608299482472
-3.919015361367792
-10.658733174871513
-10.238437324039539
0.026510478586737
-2.934986423021850
0.509905582653200
0.001065755625938
-0.180749736170361
5.934598587831728
0.000000000011922
-6.874242025869066
-1.042490324676975
-7.275873800509671
-11.283158576236152
5.803968497874053
-0.403522180855342
0.181378310647173
0.181378310647173
0.377973923487767
-1.438829934292569
0.194608299482472
-3.919015361367792
-10.658733174871513
-10.238437324039539
0.026510478586737
