0.002180056050000
0.002180056050000
0.002171508760000
0.002171508760000
0.002198257550000
0.002198257550000
0.002189597630000
0.002189597630000
-0.001398187240000
-0.001406734530000
-0.001398187240000
-0.001406734530000
-0.001409715400000
-0.001418375320000
-0.001409715400000
0.010584900100000
0.010584900100000
0.010474297900000
0.010474297900000
0.010640239100000
0.010640239100000
0.010530475200000
0.010530475200000
-0.014534665100000
-0.014645267300000
-0.014534665100000
-0.014645267300000
-0.014606913400000
-0.014716677300000
-0.014606913400000
0.000440301600000
0.000440301600000
0.000434264400000
0.000434264400000
0.000442260200000
0.000442260200000
0.000427590800000
0.000427590800000
-0.026117987200000
-0.026124024400000
-0.026117987200000
-0.026124024400000
-0.026170710300000
-0.026185379700000
-0.026170710300000
-0.010856054100000
-0.010856054100000
-0.010736760500000
-0.010736760500000
-0.010908709700000
-0.010908709700000
-0.010789279000000
-0.010789279000000
-0.015782426500000
-0.015663132900000
-0.015782426500000
-0.015663132900000
-0.015855108900000
-0.015735678200000
-0.015855108900000
-0.002160892380000
-0.002160892380000
-0.002151408680000
-0.002151408680000
-0.002179084290000
-0.002179084290000
-0.002169521280000
-0.002169521280000
-0.001515690040000
-0.001506206340000
-0.001515690040000
-0.001506206340000
-0.001527370940000
-0.001517807930000
-0.001527370940000
-0.000462729050000
-0.000462729050000
-0.000461501630000
-0.000461501630000
-0.000467002940000
-0.000467002940000
-0.000465762040000
-0.000465762040000
-0.000312462920000
-0.000311235500000
-0.000312462920000
-0.000311235500000
-0.000314888940000
-0.000313648040000
-0.000314888940000
-0.000284876030000
-0.000284876030000
-0.000284354800000
-0.000284354800000
-0.000287595490000
-0.000287595490000
-0.000287065550000
-0.000287065550000
-0.000153985460000
-0.000153464230000
-0.000153985460000
-0.000153464230000
-0.000155445740000
-0.000154915800000
-0.000155445740000
-0.000173001670000
-0.000173001670000
-0.000172658830000
-0.000172658830000
-0.000174531270000
-0.000174531270000
-0.000174183800000
-0.000174183800000
-0.000110875270000
-0.000110532430000
-0.000110875270000
-0.000110532430000
-0.000111712060000
-0.000111364590000
-0.000111712060000
-0.000102696482000
-0.000102696482000
-0.000102566771000
-0.000102566771000
-0.000103752191000
-0.000103752191000
-0.000103619598000
-0.000103619598000
-0.000057349200000
-0.000057219489000
-0.000057349200000
-0.000057219489000
-0.000057871049000
-0.000057738456000
-0.000057871049000
-0.000076101141000
-0.000076101141000
-0.000076035104000
-0.000076035104000
-0.000076941898000
-0.000076941898000
-0.000076873543000
-0.000076873543000
-0.000037620265000
-0.000037554228000
-0.000037620265000
-0.000037554228000
-0.000038035312000
-0.000037966957000
-0.000038035312000
0.001995304450000
0.001995304450000
0.002003427750000
0.002003427750000
0.002011939860000
0.002011939860000
0.002020132790000
0.002020132790000
0.001341376250000
0.001349499550000
0.001341376250000
0.001349499550000
0.001352760550000
0.001360953480000
0.001352760550000
0.008380071000000
0.008380071000000
0.008466780000000
0.008466780000000
0.008426229300000
0.008426229300000
0.008513550000000
0.008513550000000
0.011973578100000
0.012060287100000
0.011973578100000
0.012060287100000
0.012038373400000
0.012125694100000
0.012038373400000
0.000265490300000
0.000265490300000
0.000270810200000
0.000270810200000
0.000264488200000
0.000264488200000
0.000269340500000
0.000269340500000
0.020481996000000
0.020487315900000
0.020481996000000
0.020487315900000
0.020550720800000
0.020555573100000
0.020550720800000
-0.008532804000000
-0.008532804000000
-0.008623951700000
-0.008623951700000
-0.008578961700000
-0.008578961700000
-0.008670887500000
-0.008670887500000
0.013134866300000
0.013043718600000
0.013134866300000
0.013043718600000
0.013203887800000
0.013111962000000
0.013203887800000
-0.001937436570000
-0.001937436570000
-0.001945951430000
-0.001945951430000
-0.001954151020000
-0.001954151020000
-0.001962697430000
-0.001962697430000
0.001418218790000
0.001409703930000
0.001418218790000
0.001409703930000
0.001429786940000
0.001421240530000
0.001429786940000
-0.000403207830000
-0.000403207830000
-0.000404251430000
-0.000404251430000
-0.000406907010000
-0.000406907010000
-0.000407950680000
-0.000407950680000
0.000291036500000
0.000289992900000
0.000291036500000
0.000289992900000
0.000293364390000
0.000292320720000
0.000293364390000
-0.000273874070000
-0.000273874070000
-0.000274366740000
-0.000274366740000
-0.000276495620000
-0.000276495620000
-0.000276990840000
-0.000276990840000
0.000148513370000
0.000148020700000
0.000148513370000
0.000148020700000
0.000150043360000
0.000149548140000
0.000150043360000
-0.000176386020000
-0.000176386020000
-0.000176721430000
-0.000176721430000
-0.000177918450000
-0.000177918450000
-0.000178254390000
-0.000178254390000
0.000108176230000
0.000107840820000
0.000108176230000
0.000107840820000
0.000109066230000
0.000108730290000
0.000109066230000
-0.000098419456000
-0.000098419456000
-0.000098535461000
-0.000098535461000
-0.000099451791000
-0.000099451791000
-0.000099567740000
-0.000099567740000
0.000054404574000
0.000054288569000
0.000054404574000
0.000054288569000
0.000054964403000
0.000054848454000
0.000054964403000
-0.000075032990000
-0.000075032990000
-0.000075089500000
-0.000075089500000
-0.000075860814000
-0.000075860814000
-0.000075917285000
-0.000075917285000
0.000035400097000
0.000035343587000
0.000035400097000
0.000035343587000
0.000035851916000
0.000035795445000
0.000035851916000
-0.000299055999997
-0.000299055999997
-0.000289943999998
-0.000289943999998
-0.000296426000002
-0.000296426000002
-0.000287007999999
-0.000287007999999
0.000291643000000
0.000300754999999
0.000291643000000
0.000300754999999
0.000275533999999
0.000284952000001
0.000275533999999
