-0.09691438582319768
-0.13691125700650827
0.32534507476607955
-0.10993525409641935
-0.0817175625328108
-0.010302698018267316
-0.01709454991750399
-0.012468838885147876
-0.01022211868443122
-0.009608206662626198
0.06982420806811716
0.22610837167938969
-0.4333859511760477
0.19853371423185415
0.07171916162655653
0.010371092039562142
0.0037635736978865846
0.00019668833776772474
-0.001579832332270679
-0.0016972246208495478
0.003468018839842422
0.15455945887181508
0.1958014978103341
0.08049936363686708
0.1926787938584484
0.11483352315117107
0.04773433333191414
0.03575764140275256
0.02787200508780343
0.02258635028785109
0.020336431455138415
0.12203497834927073
0.12809034646321577
0.22728532705075186
0.14226399499269007
0.08157578283738057
0.04469139550419157
0.03133345223517782
0.025099673072823656
0.020724442612371687
0.018538071993534876
0.039171341590802336
1.401107709619993
-0.329895860649038
0.015452623012479794
0.5945849186117839
-1.5833733114326423
-0.3633424219035432
-0.254194825692284
-0.13854240081711924
-0.10675532200832742
-0.08972169708484183
1.3240038107081915
-0.4901679590930528
0.11459234562765121
0.6224419577542997
-1.2660154946048552
-0.39739360162838105
-0.22700778422928555
-0.12413360877436973
-0.0946673479940632
-0.08041095745950519
0.021350967517099726
-0.2254747437389638
-0.2985771533398931
-0.12876935865609265
-0.28897706523109756
-0.18798522297802786
-0.0763542070617889
-0.05689478972052605
-0.04390599295552894
-0.035538957806925446
-0.03194247466175892
-0.17918676045826246
-0.2042194463908392
-0.34272707907819216
-0.21842506281851812
-0.1371971371922253
-0.07237943234502311
-0.050265924763273365
-0.039762247579164675
-0.03273800622311238
-0.029245295205435687
-0.10328780667726913
-0.39771871830813477
-0.18574895182016724
-0.93704157899403
-0.24656489600033313
-0.15339824563507268
-0.07408881545092343
-0.07376906148994111
-0.06285315635114902
-0.053958507209842604
-0.04990325582748915
-0.1275884583226718
0.30758065482621727
-1.877499439749074
0.19574522511258613
0.09495349536298237
-0.05641056519834956
-0.042499755451171996
-0.04147322553355153
-0.03934968770222204
-0.03640568111309839
-0.16800807930324857
-0.2254747437389638
-0.2985771533398931
-0.12876935865609265
-0.28897706523109756
-0.18798522297802786
-0.0763542070617889
-0.05689478972052605
-0.04390599295552894
-0.035538957806925446
-0.03194247466175892
-0.17918676045826246
-0.2042194463908392
-0.34272707907819216
-0.21842506281851812
-0.1371971371922253
-0.07237943234502311
-0.050265924763273365
-0.039762247579164675
-0.03273800622311238
-0.029245295205435687
-0.10328780667726913
-0.39771871830813477
-0.18574895182016724
-0.93704157899403
-0.24656489600033313
-0.15339824563507268
-0.07408881545092343
-0.07376906148994111
-0.06285315635114902
-0.053958507209842604
-0.04990325582748915
-0.1275884583226718
0.30758065482621727
-1.877499439749074
0.19574522511258613
0.09495349536298237
-0.05641056519834956
-0.042499755451171996
-0.04147322553355153
-0.03934968770222204
-0.03640568111309839
-0.16800807930324857
-0.39771871830813477
-0.18574895182016724
-0.93704157899403
-0.24656489600033313
-0.15339824563507268
-0.07408881545092343
-0.07376906148994111
-0.06285315635114902
-0.053958507209842604
-0.04990325582748915
-0.1275884583226718
0.30758065482621727
-1.877499439749074
0.19574522511258613
0.09495349536298237
-0.05641056519834956
-0.042499755451171996
-0.04147322553355153
-0.03934968770222204
-0.03640568111309839
-0.16800807930324857
