0.038044528328283
-0.155046945542786
0.153583900419490
-0.131985517189676
-0.025011752295342
0.000000000000000
0.007169601872018
0.008833666277367
0.006219893428026
0.005084240693518
0.232409542467739
0.017964477922460
-0.259169033777402
-0.259169033777402
0.266977414269918
0.060170069504393
0.043839201002949
0.029743988410611
0.020507537129407
0.016752395207939
-0.010916421434285
0.144923869974495
0.047469639312433
0.027451812722487
0.055710444664790
0.066383709762827
-0.000000000000000
0.030108241808769
0.025407169503108
0.019931420754173
0.017295922066858
0.210876531149296
-0.006716009720570
0.100890052571393
0.100890052571393
0.203708187532792
0.064366358550542
0.045724044607774
0.034267956167842
0.025805172714781
0.021940608199433
0.011637387050594
1.086768418520986
-0.488404018553538
-0.040065722704467
0.067749017448458
-0.725605416260448
-0.000000000000000
-0.095128317142028
-0.027930821426637
-0.021177181707916
-0.015169891073655
1.429897996482902
-0.614740951565422
-0.043359202547046
-0.043359202547046
-0.086267311777184
0.024316913163272
-0.004546577826415
0.020863547961721
0.014049779082951
0.012254465659132
-0.032040392518857
-0.215960266441359
-0.069908627747158
-0.043553572804557
-0.080486196623186
-0.102057364164008
0.000000000000000
-0.045900568882182
-0.038614707051844
-0.030285685827580
-0.026268684975787
-0.317405394316743
0.008481912976982
-0.149549297109850
-0.149549297109850
-0.311760345621062
-0.098066378464932
-0.069741912857541
-0.052150832042460
-0.039253516502143
-0.033365983010650
-0.040252867011415
-0.111809869441796
-0.167480819090492
-0.507310819957145
-0.201084167071504
-0.028532060013294
0.000000000000000
-0.014479207321739
-0.012630435863395
-0.012849957580254
-0.012398286871684
0.105426710823563
0.075513887927314
-1.008152622548104
-1.008152622548104
0.311853188047315
0.029987554503932
0.026505960622848
0.011880704272522
0.004447246282473
0.001879543761423
-0.098275030732674
-0.215960266441359
-0.069908627747158
-0.043553572804557
-0.080486196623186
-0.102057364164008
0.000000000000000
-0.045900568882182
-0.038614707051844
-0.030285685827580
-0.026268684975787
-0.317405394316743
0.008481912976982
-0.149549297109850
-0.149549297109850
-0.311760345621062
-0.098066378464932
-0.069741912857541
-0.052150832042460
-0.039253516502143
-0.033365983010650
-0.040252867011415
-0.111809869441796
-0.167480819090492
-0.507310819957145
-0.201084167071504
-0.028532060013294
0.000000000000000
-0.014479207321739
-0.012630435863395
-0.012849957580254
-0.012398286871684
0.105426710823563
0.075513887927314
-1.008152622548104
-1.008152622548104
0.311853188047315
0.029987554503932
0.026505960622848
0.011880704272522
0.004447246282473
0.001879543761423
-0.098275030732674
-0.111809869441796
-0.167480819090492
-0.507310819957145
-0.201084167071504
-0.028532060013294
0.000000000000000
-0.014479207321739
-0.012630435863395
-0.012849957580254
-0.012398286871684
0.105426710823563
0.075513887927314
-1.008152622548104
-1.008152622548104
0.311853188047315
0.029987554503932
0.026505960622848
0.011880704272522
0.004447246282473
0.001879543761423
-0.098275030732674
