0.002210240590000
0.002210240590000
0.002201607400000
0.002201607400000
0.002229363240000
0.002229363240000
0.002220665510000
0.002220665510000
-0.001412347680000
-0.001420980870000
-0.001412347680000
-0.001420980870000
-0.001423917920000
-0.001432615650000
-0.001423917920000
0.009567628200000
0.009567628200000
0.009467290800000
0.009467290800000
0.009619428000000
0.009619428000000
0.009518838100000
0.009518838100000
-0.013069433700000
-0.013169771100000
-0.013069433700000
-0.013169771100000
-0.013136319000000
-0.013236908900000
-0.013136319000000
0.000023349700000
0.000023349700000
0.000023331400000
0.000023331400000
0.000028683000000
0.000028683000000
0.000027848000000
0.000027848000000
-0.027010658200000
-0.027010676500000
-0.027010658200000
-0.027010676500000
-0.027069947500000
-0.027070782500000
-0.027069947500000
-0.009496256900000
-0.009496256900000
-0.009396701000000
-0.009396701000000
-0.009548362600000
-0.009548362600000
-0.009448120100000
-0.009448120100000
-0.013996566400000
-0.013897010500000
-0.013996566400000
-0.013897010500000
-0.014064245000000
-0.013964002500000
-0.014064245000000
-0.002173301020000
-0.002173301020000
-0.002164005250000
-0.002164005250000
-0.002191975300000
-0.002191975300000
-0.002182606790000
-0.002182606790000
-0.001524423920000
-0.001515128150000
-0.001524423920000
-0.001515128150000
-0.001535977160000
-0.001526608650000
-0.001535977160000
-0.000465518950000
-0.000465518950000
-0.000464318090000
-0.000464318090000
-0.000469814650000
-0.000469814650000
-0.000468604050000
-0.000468604050000
-0.000314961210000
-0.000313760350000
-0.000314961210000
-0.000313760350000
-0.000317362140000
-0.000316151540000
-0.000317362140000
-0.000287063960000
-0.000287063960000
-0.000286558100000
-0.000286558100000
-0.000289777910000
-0.000289777910000
-0.000289265510000
-0.000289265510000
-0.000155830340000
-0.000155324480000
-0.000155830340000
-0.000155324480000
-0.000157267180000
-0.000156754780000
-0.000157267180000
-0.000174390870000
-0.000174390870000
-0.000174063940000
-0.000174063940000
-0.000175914690000
-0.000175914690000
-0.000175584380000
-0.000175584380000
-0.000111487550000
-0.000111160620000
-0.000111487550000
-0.000111160620000
-0.000112318420000
-0.000111988110000
-0.000112318420000
-0.000104259207000
-0.000104259207000
-0.000104139690000
-0.000104139690000
-0.000105299894000
-0.000105299894000
-0.000105178426000
-0.000105178426000
-0.000058036373000
-0.000057916856000
-0.000058036373000
-0.000057916856000
-0.000058551863000
-0.000058430395000
-0.000058551863000
-0.000077500901000
-0.000077500901000
-0.000077441305000
-0.000077441305000
-0.000078324031000
-0.000078324031000
-0.000078262868000
-0.000078262868000
-0.000038254134000
-0.000038194538000
-0.000038254134000
-0.000038194538000
-0.000038663838000
-0.000038602675000
-0.000038663838000
0.002013239240000
0.002013239240000
0.002021323940000
0.002021323940000
0.002030834860000
0.002030834860000
0.002038988950000
0.002038988950000
0.001364108700000
0.001372193400000
0.001364108700000
0.001372193400000
0.001375523800000
0.001383677890000
0.001375523800000
0.007398830300000
0.007398830300000
0.007472763800000
0.007472763800000
0.007444933500000
0.007444933500000
0.007519188100000
0.007519188100000
0.010681371800000
0.010755305300000
0.010681371800000
0.010755305300000
0.010742401100000
0.010816655700000
0.010742401100000
0.000182107700000
0.000182107700000
0.000185613100000
0.000185613100000
0.000182721300000
0.000182721300000
0.000186222600000
0.000186222600000
0.021501573000000
0.021505078400000
0.021501573000000
0.021505078400000
0.021573354300000
0.021576855600000
0.021573354300000
-0.007651260000000
-0.007651260000000
-0.007731073300000
-0.007731073300000
-0.007696390400000
-0.007696390400000
-0.007776515700000
-0.007776515700000
0.011890924500000
0.011811111200000
0.011890924500000
0.011811111200000
0.011959337200000
0.011879211900000
0.011959337200000
-0.002010672970000
-0.002010672970000
-0.002019409460000
-0.002019409460000
-0.002027944420000
-0.002027944420000
-0.002036739680000
-0.002036739680000
0.001445435280000
0.001436698790000
0.001445435280000
0.001436698790000
0.001456882100000
0.001448086840000
0.001456882100000
-0.000409458900000
-0.000409458900000
-0.000410523170000
-0.000410523170000
-0.000413160160000
-0.000413160160000
-0.000414228030000
-0.000414228030000
0.000292754190000
0.000291689920000
0.000292754190000
0.000291689920000
0.000295027190000
0.000293959320000
0.000295027190000
-0.000276821350000
-0.000276821350000
-0.000277325740000
-0.000277325740000
-0.000279416250000
-0.000279416250000
-0.000279924830000
-0.000279924830000
0.000149702550000
0.000149198160000
0.000149702550000
0.000149198160000
0.000151184790000
0.000150676210000
0.000151184790000
-0.000178269000000
-0.000178269000000
-0.000178607890000
-0.000178607890000
-0.000179782040000
-0.000179782040000
-0.000180122570000
-0.000180122570000
0.000108482850000
0.000108143960000
0.000108482850000
0.000108143960000
0.000109348210000
0.000109007680000
0.000109348210000
-0.000100486689000
-0.000100486689000
-0.000100610867000
-0.000100610867000
-0.000101491412000
-0.000101491412000
-0.000101616118000
-0.000101616118000
0.000054971149000
0.000054846971000
0.000054971149000
0.000054846971000
0.000055509777000
0.000055385071000
0.000055509777000
-0.000076681650000
-0.000076681650000
-0.000076746325000
-0.000076746325000
-0.000077484306000
-0.000077484306000
-0.000077549347000
-0.000077549347000
0.000035863736000
0.000035799061000
0.000035863736000
0.000035799061000
0.000036297912000
0.000036232871000
0.000036297912000
0.002036558999996
0.002036558999996
0.002099592999999
0.002099592999999
0.001958282999998
0.001958282999998
0.002019226000000
0.002019226000000
0.002394803000000
0.002457837000003
0.002394803000000
0.002457837000003
0.002337108000000
0.002398051000002
0.002337108000000
