0.002
0.002
0.002
0.002
0.002
0.002
0.002
0.002
-0.001
-0.001
-0.001
-0.001
-0.001
-0.001
-0.001
0.011
0.011
0.011
0.011
0.011
0.011
0.011
0.011
-0.015
-0.015
-0.014
-0.015
-0.015
-0.015
-0.015
0.001
0.001
0.001
0.0
0.001
0.001
0.001
0.0
-0.027
-0.027
-0.027
-0.027
-0.027
-0.027
-0.027
-0.011
-0.011
-0.011
-0.011
-0.011
-0.011
-0.011
-0.011
-0.016
-0.016
-0.016
-0.016
-0.016
-0.016
-0.016
-0.002
-0.002
-0.002
-0.002
-0.002
-0.002
-0.002
-0.002
-0.002
-0.002
-0.002
-0.002
-0.002
-0.002
-0.002
-0.0
-0.0
-0.0
-0.0
-0.0
-0.0
-0.0
-0.0
-0.0
-0.0
-0.0
-0.0
-0.0
-0.0
-0.0
-0.0
-0.0
-0.0
-0.0
-0.0
-0.0
-0.0
-0.0
-0.0
-0.0
-0.0
-0.0
-0.0
-0.0
-0.0
-0.0
-0.0
-0.0
-0.0
-0.0
-0.0
-0.0
-0.0
-0.0
-0.0
-0.0
-0.0
-0.0
-0.0
-0.0
-0.0
-0.0
-0.0
-0.0
-0.0
-0.0
-0.0
-0.0
-0.0
-0.0
-0.0
-0.0
-0.0
-0.0
-0.0
-0.0
-0.0
-0.0
-0.0
-0.0
-0.0
-0.0
-0.0
-0.0
-0.0
-0.0
-0.0
-0.0
-0.0
-0.0
0.002
0.002
0.002
0.002
0.002
0.002
0.002
0.002
0.001
0.001
0.001
0.001
0.001
0.001
0.001
0.008
0.008
0.008
0.009
0.008
0.008
0.009
0.009
0.012
0.012
0.012
0.012
0.012
0.012
0.012
0.0
0.0
0.0
0.0
0.0
0.0
0.0
0.0
0.021
0.021
0.021
0.021
0.021
0.021
0.021
-0.009
-0.009
-0.009
-0.009
-0.009
-0.009
-0.009
-0.009
0.013
0.013
0.013
0.013
0.013
0.013
0.013
-0.002
-0.002
-0.002
-0.002
-0.002
-0.002
-0.002
-0.002
0.002
0.002
0.002
0.002
0.002
0.002
0.002
-0.0
-0.0
-0.0
-0.0
-0.0
-0.0
-0.0
-0.0
0.0
0.0
0.0
0.0
0.0
0.0
0.0
-0.0
-0.0
-0.0
-0.0
-0.0
-0.0
-0.0
-0.0
0.0
0.0
0.0
0.0
0.0
0.0
0.0
-0.0
-0.0
-0.0
-0.0
-0.0
-0.0
-0.0
-0.0
0.0
0.0
0.0
0.0
0.0
0.0
0.0
-0.0
-0.0
-0.0
-0.0
-0.0
-0.0
-0.0
-0.0
0.0
0.0
0.0
0.0
0.0
0.0
0.0
-0.0
-0.0
-0.0
-0.0
-0.0
-0.0
-0.0
-0.0
0.0
0.0
0.0
0.0
0.0
0.0
0.0
-0.001
-0.001
-0.001
-0.001
-0.001
-0.001
-0.001
-0.001
0.004
0.004
0.0
0.0
0.004
0.004
0.0
