0.065897825828409
0.063586294628423
0.062757443770176
0.060456930259824
0.083733077451917
0.000000000000000
0.027491609463833
0.020575398278250
0.016580000709850
0.014345303485627
0.018067773456563
-0.002885409633978
-0.004462792139975
-0.004462792139975
-0.012059605537570
0.021672138641599
0.015894333585888
0.013411315383853
0.011902943788932
0.011016799679392
0.017363477926636
0.411165326634507
-0.060751208124511
0.092865988217751
-0.060418254932696
0.428212650464414
0.000000000000000
0.165271860928097
0.128284590338992
0.105702310905506
0.092638371968721
0.274917534443225
-0.020941290114287
0.072606250326562
0.072606250326562
0.097510983490705
0.179014935112209
0.128552610499536
0.104621211755372
0.089388836076714
0.081166366714799
0.016357496494159
0.021424340020947
-0.209742058903193
-0.075721509541688
0.015308873470731
-0.234751447632542
-0.000000000000000
-0.065952074679107
-0.044986497457919
-0.034402679686828
-0.028910313695372
0.067388100237158
-0.260351490151443
-0.087831230658529
-0.087831230658529
-0.045649022090201
-0.055122500243825
-0.040781649371174
-0.029928857473946
-0.024647493687144
-0.021919138704729
-0.047781912023227
-0.758595240114443
0.152504963453320
-0.195433802015846
0.148269669575244
-0.786815659071565
-0.000000000000000
-0.306966236586201
-0.238774535975972
-0.196994502572047
-0.172763539935130
-0.534593265733495
0.033988579605759
-0.083498467694231
-0.083498467694231
-0.207144455625724
-0.339935787310377
-0.243964706235170
-0.197873863547409
-0.168604328652056
-0.152892861530118
-0.078624073503720
-1.435189263872284
0.212056736418016
-0.847497465025287
0.163863637959040
-1.448161109038429
-0.000000000000000
-0.569197456186159
-0.443612442393066
-0.366981414204808
-0.321949968244749
-0.798996801341226
0.143667174964194
-1.023418978842130
-1.023418978842130
-0.026559322175606
-0.572391330470220
-0.408393114494012
-0.340608890377721
-0.296637880475451
-0.271908097815544
-0.198683596014207
-0.758595240114443
0.152504963453320
-0.195433802015846
0.148269669575244
-0.786815659071565
-0.000000000000000
-0.306966236586201
-0.238774535975972
-0.196994502572047
-0.172763539935130
-0.534593265733495
0.033988579605759
-0.083498467694231
-0.083498467694231
-0.207144455625724
-0.339935787310377
-0.243964706235170
-0.197873863547409
-0.168604328652056
-0.152892861530118
-0.078624073503720
-1.435189263872284
0.212056736418016
-0.847497465025287
0.163863637959040
-1.448161109038429
-0.000000000000000
-0.569197456186159
-0.443612442393066
-0.366981414204808
-0.321949968244749
-0.798996801341226
0.143667174964194
-1.023418978842130
-1.023418978842130
-0.026559322175606
-0.572391330470220
-0.408393114494012
-0.340608890377721
-0.296637880475451
-0.271908097815544
-0.198683596014207
-1.435189263872284
0.212056736418016
-0.847497465025287
0.163863637959040
-1.448161109038429
-0.000000000000000
-0.569197456186159
-0.443612442393066
-0.366981414204808
-0.321949968244749
-0.798996801341226
0.143667174964194
-1.023418978842130
-1.023418978842130
-0.026559322175606
-0.572391330470220
-0.408393114494012
-0.340608890377721
-0.296637880475451
-0.271908097815544
-0.198683596014207
