0.318632742407434
-0.041789526529196
-0.056282393026182
-0.022155157904693
0.102323739953312
0.062567835706935
-0.165425953331507
0.759280920738460
0.463222811233269
0.307746044706957
-0.001767848926820
-0.136827376566158
0.058243175047566
-0.128724344651760
-0.176485239716069
0.237703414592833
0.462249158799891
0.858374801166395
0.415473823087145
0.340656614394722
0.000265784591602
-0.010589072038403
0.033589146580677
0.001092498820311
0.005426953257028
-0.020511120514613
0.142310770409718
-1.837304630884524
1.159271330181559
0.648151725707524
0.436768992228291
0.003866731871548
0.009455443491013
0.020473932760336
0.042082866486528
0.059330955569301
-0.067550683973601
-0.811369599609700
1.214481474335722
0.688104015231173
0.556524693770558
-0.001445203047955
2.414136048143407
-0.533272360013877
-0.461092880618317
-0.547597891999575
-2.329479310785528
5.520163337785832
-30.086891856479433
25.791508735767223
14.660500696978234
9.771522809964459
1.173103706897785
-1.571387820012351
0.077476067613210
-0.180730182209015
-0.930695938888220
2.374008855662351
-8.004715198966446
27.598672124778915
14.805120082618783
11.973716306168466
0.029221372091134
0.054233865687327
-0.017389950791839
-0.002362870597483
-0.004476901497348
-0.123478502860095
0.198143502999395
1.894936224230402
-0.737125730132423
-0.399358765778627
-0.277301600949937
0.048271895992140
-0.021642657573281
-0.003404140718765
-0.008591461005858
-0.204977578238433
0.337981822710956
1.183577565965733
-0.735606615790440
-0.471789483951876
-0.382312213877276
0.001728310324082
0.331825219505149
0.193431200501161
-0.451963817096394
-0.000722266846202
2.002224087218685
-3.495574365709519
33.219792932390817
-21.375117856879044
-11.902820245222038
-7.960900713411070
2.084839780458025
-0.231017079274442
0.014990757684412
0.066785008271260
0.421982463185143
-2.332166735150713
13.882145504552753
-22.540013659378122
-12.552472839707880
-10.108739567245493
-0.011243328518711
0.054233865687327
-0.017389950791839
-0.002362870597483
-0.004476901497348
-0.123478502860095
0.198143502999395
1.894936224230402
-0.737125730132423
-0.399358765778627
-0.277301600949937
0.048271895992140
-0.021642657573281
-0.003404140718765
-0.008591461005858
-0.204977578238433
0.337981822710956
1.183577565965733
-0.735606615790440
-0.471789483951876
-0.382312213877276
0.001728310324082
0.331825219505149
0.193431200501161
-0.451963817096394
-0.000722266846202
2.002224087218685
-3.495574365709519
33.219792932390817
-21.375117856879044
-11.902820245222038
-7.960900713411070
2.084839780458025
-0.231017079274442
0.014990757684412
0.066785008271260
0.421982463185143
-2.332166735150713
13.882145504552753
-22.540013659378122
-12.552472839707880
-10.108739567245493
-0.011243328518711
0.331825219505149
0.193431200501161
-0.451963817096394
-0.000722266846202
2.002224087218685
-3.495574365709519
33.219792932390817
-21.375117856879044
-11.902820245222038
-7.960900713411070
2.084839780458025
-0.231017079274442
0.014990757684412
0.066785008271260
0.421982463185143
-2.332166735150713
13.882145504552753
-22.540013659378122
-12.552472839707880
-10.108739567245493
-0.011243328518711
