-0.121419588578414
-0.022878638449680
0.090437293961883
-0.053993785918063
0.121419588578437
0.000000000000000
0.029836352290792
0.121419588578458
0.121419588578389
0.121419588578458
0.000000000000000
0.000000000000000
-0.079477412655741
-0.079477412655741
0.121419588578450
0.121419588578396
0.121419588578429
0.121419588578412
0.121419588578413
0.121419588578458
-0.001979892186881
0.121419588552177
0.046381832712902
-0.013114668401854
0.009625793532711
0.121419588578458
-0.000000000000000
0.121419588576324
0.121419588576475
0.121419588574545
0.121419588573062
0.000000000000000
0.000000000000000
0.020320887258771
0.020320887258771
0.056623286950355
0.121419588578458
0.121419588578334
0.121419588577532
0.121419588576842
0.121419588575638
0.002301137695953
-0.121419588578458
-0.056148085263696
0.108738611880157
0.121419588578458
0.071241141943274
0.000000000000001
-0.121419588578458
-0.121419588578458
-0.121419588578458
-0.121419588578458
0.000000000000000
0.000000000000000
0.115267586884256
0.115267586884256
0.121419588575948
-0.121419588578458
-0.121419588578458
-0.121419588578458
-0.121419588578458
-0.121419588578458
0.019697000189346
-0.121419588577887
-0.112014489010858
0.025201013665283
-0.048541141712341
-0.121419588450869
-0.000000000000000
-0.121419588578050
-0.121419588578298
-0.121419588578331
-0.121419588578348
0.000000000000000
0.000000000000000
-0.049452232763786
-0.049452232763786
-0.121419588578427
-0.121419588575619
-0.121419588577525
-0.121419588578181
-0.121419588578359
-0.121419588578372
-0.025988874748016
-0.067379435558740
0.050393965604847
-0.121419588578458
0.025552117274221
0.121419588578458
0.000000000000000
-0.121419588578458
-0.121419588578458
-0.121419588578458
-0.121419588578458
0.000000000000000
0.000000000000000
-0.069217358335144
-0.069217358335144
0.121419588578458
0.121419588578458
-0.121419588578458
-0.121419588578458
-0.121419588578458
-0.121419588578458
-0.009881333494537
-0.121419588577887
-0.112014489010858
0.025201013665283
-0.048541141712341
-0.121419588450869
-0.000000000000000
-0.121419588578050
-0.121419588578298
-0.121419588578331
-0.121419588578348
0.000000000000000
0.000000000000000
-0.049452232763786
-0.049452232763786
-0.121419588578427
-0.121419588575619
-0.121419588577525
-0.121419588578181
-0.121419588578359
-0.121419588578372
-0.025988874748016
-0.067379435558740
0.050393965604847
-0.121419588578458
0.025552117274221
0.121419588578458
0.000000000000000
-0.121419588578458
-0.121419588578458
-0.121419588578458
-0.121419588578458
0.000000000000000
0.000000000000000
-0.069217358335144
-0.069217358335144
0.121419588578458
0.121419588578458
-0.121419588578458
-0.121419588578458
-0.121419588578458
-0.121419588578458
-0.009881333494537
-0.067379435558740
0.050393965604847
-0.121419588578458
0.025552117274221
0.121419588578458
0.000000000000000
-0.121419588578458
-0.121419588578458
-0.121419588578458
-0.121419588578458
0.000000000000000
0.000000000000000
-0.069217358335144
-0.069217358335144
0.121419588578458
0.121419588578458
-0.121419588578458
-0.121419588578458
-0.121419588578458
-0.121419588578458
-0.009881333494537
