0.002161826040000
0.002161826040000
0.002153220520000
0.002153220520000
0.002179830510000
0.002179830510000
0.002171145530000
0.002171145530000
-0.001385887790000
-0.001394493310000
-0.001385887790000
-0.001394493310000
-0.001397348060000
-0.001406033040000
-0.001397348060000
0.010570518400000
0.010570518400000
0.010457897000000
0.010457897000000
0.010624157800000
0.010624157800000
0.010511165900000
0.010511165900000
-0.014485176900000
-0.014597798300000
-0.014485176900000
-0.014597798300000
-0.014554831900000
-0.014667823800000
-0.014554831900000
0.000464658300000
0.000464658300000
0.000457441000000
0.000457441000000
0.000466003200000
0.000466003200000
0.000458645200000
0.000458645200000
-0.026217868200000
-0.026225085500000
-0.026217868200000
-0.026225085500000
-0.026279048300000
-0.026286406300000
-0.026279048300000
-0.010884245800000
-0.010884245800000
-0.010764989900000
-0.010764989900000
-0.010938053300000
-0.010938053300000
-0.010818593900000
-0.010818593900000
-0.015843305600000
-0.015724049700000
-0.015843305600000
-0.015724049700000
-0.015916928200000
-0.015797468800000
-0.015916928200000
-0.002140404560000
-0.002140404560000
-0.002131044700000
-0.002131044700000
-0.002158599960000
-0.002158599960000
-0.002149188280000
-0.002149188280000
-0.001501227070000
-0.001491867210000
-0.001501227070000
-0.001491867210000
-0.001512861460000
-0.001503449780000
-0.001512861460000
-0.000460390090000
-0.000460390090000
-0.000459177720000
-0.000459177720000
-0.000464690770000
-0.000464690770000
-0.000463474570000
-0.000463474570000
-0.000310335070000
-0.000309122700000
-0.000310335070000
-0.000309122700000
-0.000312746520000
-0.000311530320000
-0.000312746520000
-0.000283815520000
-0.000283815520000
-0.000283303570000
-0.000283303570000
-0.000286550740000
-0.000286550740000
-0.000286036050000
-0.000286036050000
-0.000152764700000
-0.000152252750000
-0.000152764700000
-0.000152252750000
-0.000154217780000
-0.000153703090000
-0.000154217780000
-0.000172376690000
-0.000172376690000
-0.000172040370000
-0.000172040370000
-0.000173917320000
-0.000173917320000
-0.000173580560000
-0.000173580560000
-0.000110072850000
-0.000109736530000
-0.000110072850000
-0.000109736530000
-0.000110904960000
-0.000110568200000
-0.000110904960000
-0.000102260212000
-0.000102260212000
-0.000102135578000
-0.000102135578000
-0.000103325726000
-0.000103325726000
-0.000103201365000
-0.000103201365000
-0.000056819438000
-0.000056694804000
-0.000056819438000
-0.000056694804000
-0.000057337401000
-0.000057213040000
-0.000057337401000
-0.000075854935000
-0.000075854935000
-0.000075793598000
-0.000075793598000
-0.000076703257000
-0.000076703257000
-0.000076642211000
-0.000076642211000
-0.000037183234000
-0.000037121897000
-0.000037183234000
-0.000037121897000
-0.000037594914000
-0.000037533868000
-0.000037594914000
0.001978702550000
0.001978702550000
0.001986751520000
0.001986751520000
0.001995229850000
0.001995229850000
0.002003330880000
0.002003330880000
0.001333812580000
0.001341861550000
0.001333812580000
0.001341861550000
0.001345200500000
0.001353301530000
0.001345200500000
0.008399744500000
0.008399744500000
0.008487289800000
0.008487289800000
0.008446077100000
0.008446077100000
0.008533872500000
0.008533872500000
0.012027168900000
0.012114714200000
0.012027168900000
0.012114714200000
0.012092654000000
0.012180449400000
0.012092654000000
0.000244492600000
0.000244492600000
0.000249385100000
0.000249385100000
0.000243076200000
0.000243076200000
0.000247908600000
0.000247908600000
0.020570243600000
0.020575136100000
0.020570243600000
0.020575136100000
0.020639579400000
0.020644411800000
0.020639579400000
-0.008523661300000
-0.008523661300000
-0.008615030400000
-0.008615030400000
-0.008570577000000
-0.008570577000000
-0.008662256600000
-0.008662256600000
0.013118628700000
0.013027259600000
0.013118628700000
0.013027259600000
0.013188021900000
0.013096342300000
0.013188021900000
-0.001924583460000
-0.001924583460000
-0.001933013870000
-0.001933013870000
-0.001941322170000
-0.001941322170000
-0.001949820250000
-0.001949820250000
0.001410316320000
0.001401885910000
0.001410316320000
0.001401885910000
0.001421916820000
0.001413418740000
0.001421916820000
-0.000403602170000
-0.000403602170000
-0.000404650990000
-0.000404650990000
-0.000407349200000
-0.000407349200000
-0.000408406470000
-0.000408406470000
0.000291657650000
0.000290608830000
0.000291657650000
0.000290608830000
0.000294012380000
0.000292955110000
0.000294012380000
-0.000273135630000
-0.000273135630000
-0.000273629710000
-0.000273629710000
-0.000275772550000
-0.000275772550000
-0.000276274130000
-0.000276274130000
0.000148496700000
0.000148002620000
0.000148496700000
0.000148002620000
0.000150037280000
0.000149535700000
0.000150037280000
-0.000175913070000
-0.000175913070000
-0.000176251000000
-0.000176251000000
-0.000177455290000
-0.000177455290000
-0.000177797200000
-0.000177797200000
0.000108228420000
0.000107890490000
0.000108228420000
0.000107890490000
0.000109125420000
0.000108783510000
0.000109125420000
-0.000098044538000
-0.000098044538000
-0.000098163014000
-0.000098163014000
-0.000099085451000
-0.000099085451000
-0.000099206466000
-0.000099206466000
0.000054480547000
0.000054362071000
0.000054480547000
0.000054362071000
0.000055045102000
0.000054924087000
0.000055045102000
-0.000074694523000
-0.000074694523000
-0.000074753255000
-0.000074753255000
-0.000075531217000
-0.000075531217000
-0.000075592108000
-0.000075592108000
0.000035594104000
0.000035535372000
0.000035594104000
0.000035535372000
0.000036048609000
0.000035987718000
0.000036048609000
-0.000286417000001
-0.000286417000001
-0.000285430000002
-0.000285430000002
-0.000288032999995
-0.000288032999995
-0.000285784000004
-0.000285784000004
-0.000066861999998
-0.000065874999999
-0.000066861999998
-0.000065874999999
-0.000067376999996
-0.000065128000004
-0.000067376999996
