0.002194499040000
0.002194499040000
0.002185889900000
0.002185889900000
0.002212603820000
0.002212603820000
0.002203758260000
0.002203758260000
-0.001407500090000
-0.001416109230000
-0.001407500090000
-0.001416109230000
-0.001418895470000
-0.001427741030000
-0.001418895470000
0.010495342100000
0.010495342100000
0.010389761400000
0.010389761400000
0.010548201600000
0.010548201600000
0.010436326000000
0.010436326000000
-0.014447117300000
-0.014552698000000
-0.014447117300000
-0.014552698000000
-0.014515029400000
-0.014626905000000
-0.014515029400000
0.000471257700000
0.000471257700000
0.000448226700000
0.000448226700000
0.000473536200000
0.000473536200000
0.000464972300000
0.000464972300000
-0.025993656600000
-0.026016687600000
-0.025993656600000
-0.026016687600000
-0.026053541500000
-0.026062105400000
-0.026053541500000
-0.010746922700000
-0.010746922700000
-0.010628582000000
-0.010628582000000
-0.010799886700000
-0.010799886700000
-0.010682437900000
-0.010682437900000
-0.015638484900000
-0.015520144200000
-0.015638484900000
-0.015520144200000
-0.015709690600000
-0.015592241800000
-0.015709690600000
-0.002174989320000
-0.002174989320000
-0.002165427940000
-0.002165427940000
-0.002193292250000
-0.002193292250000
-0.002183797820000
-0.002183797820000
-0.001523926090000
-0.001514364710000
-0.001523926090000
-0.001514364710000
-0.001535527470000
-0.001526033040000
-0.001535527470000
-0.000464194480000
-0.000464194480000
-0.000462961870000
-0.000462961870000
-0.000468491660000
-0.000468491660000
-0.000467286220000
-0.000467286220000
-0.000313449750000
-0.000312217140000
-0.000313449750000
-0.000312217140000
-0.000315845070000
-0.000314639630000
-0.000315845070000
-0.000285610770000
-0.000285610770000
-0.000285088830000
-0.000285088830000
-0.000288344900000
-0.000288344900000
-0.000287838390000
-0.000287838390000
-0.000154509970000
-0.000153988030000
-0.000154509970000
-0.000153988030000
-0.000155949730000
-0.000155443220000
-0.000155949730000
-0.000173494210000
-0.000173494210000
-0.000173152440000
-0.000173152440000
-0.000175032750000
-0.000175032750000
-0.000174703010000
-0.000174703010000
-0.000111183300000
-0.000110841530000
-0.000111183300000
-0.000110841530000
-0.000112005490000
-0.000111675750000
-0.000112005490000
-0.000103068433000
-0.000103068433000
-0.000102940075000
-0.000102940075000
-0.000104131734000
-0.000104131734000
-0.000104012934000
-0.000104012934000
-0.000057546395000
-0.000057418037000
-0.000057546395000
-0.000057418037000
-0.000058056463000
-0.000057937663000
-0.000058056463000
-0.000076317502000
-0.000076317502000
-0.000076252737000
-0.000076252737000
-0.000077166327000
-0.000077166327000
-0.000077109537000
-0.000077109537000
-0.000037765770000
-0.000037701005000
-0.000037765770000
-0.000037701005000
-0.000038170910000
-0.000038114120000
-0.000038170910000
0.002010395310000
0.002010395310000
0.002018525010000
0.002018525010000
0.002027036570000
0.002027036570000
0.002035232780000
0.002035232780000
0.001350335340000
0.001358465040000
0.001350335340000
0.001358465040000
0.001361837800000
0.001370034010000
0.001361837800000
0.008386890000000
0.008386890000000
0.008473139600000
0.008473139600000
0.008432589200000
0.008432589200000
0.008519975200000
0.008519975200000
0.012002077200000
0.012088326800000
0.012002077200000
0.012088326800000
0.012068304000000
0.012155690000000
0.012068304000000
0.000253210800000
0.000253210800000
0.000261322800000
0.000261322800000
0.000250991200000
0.000250991200000
0.000255845000000
0.000255845000000
0.020521050800000
0.020529162800000
0.020521050800000
0.020529162800000
0.020582661500000
0.020587515300000
0.020582661500000
-0.008525754400000
-0.008525754400000
-0.008610586400000
-0.008610586400000
-0.008565192300000
-0.008565192300000
-0.008656857300000
-0.008656857300000
0.013116769800000
0.013031937800000
0.013116769800000
0.013031937800000
0.013192519700000
0.013100854700000
0.013192519700000
-0.001952282900000
-0.001952282900000
-0.001960993680000
-0.001960993680000
-0.001969159720000
-0.001969159720000
-0.001977847630000
-0.001977847630000
0.001427795970000
0.001419085190000
0.001427795970000
0.001419085190000
0.001439365420000
0.001430677510000
0.001439365420000
-0.000404865460000
-0.000404865460000
-0.000405941300000
-0.000405941300000
-0.000408589870000
-0.000408589870000
-0.000409665600000
-0.000409665600000
0.000292056970000
0.000290981130000
0.000292056970000
0.000290981130000
0.000294396190000
0.000293320460000
0.000294396190000
-0.000274724450000
-0.000274724450000
-0.000275234600000
-0.000275234600000
-0.000277361860000
-0.000277361860000
-0.000277877830000
-0.000277877830000
0.000149031870000
0.000148521720000
0.000149031870000
0.000148521720000
0.000150571650000
0.000150055680000
0.000150571650000
-0.000176752430000
-0.000176752430000
-0.000177098630000
-0.000177098630000
-0.000178300410000
-0.000178300410000
-0.000178651240000
-0.000178651240000
0.000108455480000
0.000108109280000
0.000108455480000
0.000108109280000
0.000109354560000
0.000109003730000
0.000109354560000
-0.000098951525000
-0.000098951525000
-0.000099075628000
-0.000099075628000
-0.000099990489000
-0.000099990489000
-0.000100118807000
-0.000100118807000
0.000054558057000
0.000054433954000
0.000054558057000
0.000054433954000
0.000055126146000
0.000054997828000
0.000055126146000
-0.000075307902000
-0.000075307902000
-0.000075370839000
-0.000075370839000
-0.000076143633000
-0.000076143633000
-0.000076210821000
-0.000076210821000
0.000035510193000
0.000035447256000
0.000035510193000
0.000035447256000
0.000035969501000
0.000035902313000
0.000035969501000
-0.000269240000000
-0.000269240000000
-0.000239280000003
-0.000239280000003
-0.000276207000000
-0.000276207000000
-0.000251786000000
-0.000251786000000
0.000808606000002
0.000838566000000
0.000808606000002
0.000838566000000
0.000787241000000
0.000811662000000
0.000787241000000
