0.002171085490000
0.002171085490000
0.002162450460000
0.002162450460000
0.002189047030000
0.002189047030000
0.002180341530000
0.002180341530000
-0.001391129720000
-0.001399764750000
-0.001391129720000
-0.001399764750000
-0.001402583100000
-0.001411288600000
-0.001402583100000
0.010575135700000
0.010575135700000
0.010462668500000
0.010462668500000
0.010628302400000
0.010628302400000
0.010515522900000
0.010515522900000
-0.014480687800000
-0.014593155000000
-0.014480687800000
-0.014593155000000
-0.014549996200000
-0.014662775700000
-0.014549996200000
0.000490072800000
0.000490072800000
0.000482537200000
0.000482537200000
0.000491115900000
0.000491115900000
0.000483504400000
0.000483504400000
-0.026173809500000
-0.026181345100000
-0.026173809500000
-0.026181345100000
-0.026234673800000
-0.026242285300000
-0.026234673800000
-0.010896326200000
-0.010896326200000
-0.010776935200000
-0.010776935200000
-0.010950018700000
-0.010950018700000
-0.010830396700000
-0.010830396700000
-0.015850412100000
-0.015731021100000
-0.015850412100000
-0.015731021100000
-0.015923587700000
-0.015803965700000
-0.015923587700000
-0.002152335140000
-0.002152335140000
-0.002142918040000
-0.002142918040000
-0.002170594450000
-0.002170594450000
-0.002161119110000
-0.002161119110000
-0.001508705570000
-0.001499288470000
-0.001508705570000
-0.001499288470000
-0.001520361660000
-0.001510886320000
-0.001520361660000
-0.000461521210000
-0.000461521210000
-0.000460306030000
-0.000460306030000
-0.000465832510000
-0.000465832510000
-0.000464611290000
-0.000464611290000
-0.000311237540000
-0.000310022360000
-0.000311237540000
-0.000310022360000
-0.000313653150000
-0.000312431930000
-0.000313653150000
-0.000284326970000
-0.000284326970000
-0.000283813250000
-0.000283813250000
-0.000287069520000
-0.000287069520000
-0.000286551620000
-0.000286551620000
-0.000153250080000
-0.000152736360000
-0.000153250080000
-0.000152736360000
-0.000154704270000
-0.000154186370000
-0.000154704270000
-0.000172647270000
-0.000172647270000
-0.000172309820000
-0.000172309820000
-0.000174193770000
-0.000174193770000
-0.000173854800000
-0.000173854800000
-0.000110378450000
-0.000110041000000
-0.000110378450000
-0.000110041000000
-0.000111211040000
-0.000110872070000
-0.000111211040000
-0.000102440331000
-0.000102440331000
-0.000102314673000
-0.000102314673000
-0.000103510303000
-0.000103510303000
-0.000103384068000
-0.000103384068000
-0.000057024756000
-0.000056899098000
-0.000057024756000
-0.000056899098000
-0.000057542717000
-0.000057416482000
-0.000057542717000
-0.000075952514000
-0.000075952514000
-0.000075890194000
-0.000075890194000
-0.000076805156000
-0.000076805156000
-0.000076742395000
-0.000076742395000
-0.000037354558000
-0.000037292238000
-0.000037354558000
-0.000037292238000
-0.000037766110000
-0.000037703349000
-0.000037766110000
0.001988788990000
0.001988788990000
0.001996879920000
0.001996879920000
0.002005287570000
0.002005287570000
0.002013436920000
0.002013436920000
0.001337896760000
0.001345987690000
0.001337896760000
0.001345987690000
0.001349295690000
0.001357445040000
0.001349295690000
0.008419657000000
0.008419657000000
0.008507433700000
0.008507433700000
0.008465587800000
0.008465587800000
0.008553631600000
0.008553631600000
0.012047810700000
0.012135587400000
0.012047810700000
0.012135587400000
0.012113074400000
0.012201118200000
0.012113074400000
0.000229948200000
0.000229948200000
0.000234673500000
0.000234673500000
0.000227937500000
0.000227937500000
0.000232614900000
0.000232614900000
0.020551595700000
0.020556321000000
0.020551595700000
0.020556321000000
0.020620631600000
0.020625309000000
0.020620631600000
-0.008535580200000
-0.008535580200000
-0.008626906600000
-0.008626906600000
-0.008582534800000
-0.008582534800000
-0.008674154800000
-0.008674154800000
0.013116598200000
0.013025271800000
0.013116598200000
0.013025271800000
0.013185828000000
0.013094208000000
0.013185828000000
-0.001930634910000
-0.001930634910000
-0.001939086750000
-0.001939086750000
-0.001947405730000
-0.001947405730000
-0.001955920270000
-0.001955920270000
0.001413101770000
0.001404649930000
0.001413101770000
0.001404649930000
0.001424689270000
0.001416174730000
0.001424689270000
-0.000404547170000
-0.000404547170000
-0.000405598650000
-0.000405598650000
-0.000408302860000
-0.000408302860000
-0.000409360850000
-0.000409360850000
0.000291913510000
0.000290862030000
0.000291913510000
0.000290862030000
0.000294259940000
0.000293201950000
0.000294259940000
-0.000273600320000
-0.000273600320000
-0.000274094820000
-0.000274094820000
-0.000276244140000
-0.000276244140000
-0.000276744840000
-0.000276744840000
0.000148561530000
0.000148067030000
0.000148561530000
0.000148067030000
0.000150098630000
0.000149597930000
0.000150098630000
-0.000176165220000
-0.000176165220000
-0.000176502770000
-0.000176502770000
-0.000177713310000
-0.000177713310000
-0.000178053870000
-0.000178053870000
0.000108220390000
0.000107882840000
0.000108220390000
0.000107882840000
0.000109115720000
0.000108775160000
0.000109115720000
-0.000098204982000
-0.000098204982000
-0.000098322924000
-0.000098322924000
-0.000099250470000
-0.000099250470000
-0.000099370163000
-0.000099370163000
0.000054457115000
0.000054339173000
0.000054457115000
0.000054339173000
0.000055020843000
0.000054901150000
0.000055020843000
-0.000074897462000
-0.000074897462000
-0.000074956001000
-0.000074956001000
-0.000075736598000
-0.000075736598000
-0.000075796598000
-0.000075796598000
0.000035489448000
0.000035430909000
0.000035489448000
0.000035430909000
0.000035944209000
0.000035884209000
0.000035944209000
-0.000237215999999
-0.000237215999999
-0.000232549000001
-0.000232549000001
-0.000233905000002
-0.000233905000002
-0.000229943000002
-0.000229943000002
0.000166590000000
0.000171256999998
0.000166590000000
0.000171256999998
0.000159687000001
0.000163649000001
0.000159687000001
