0.00216
0.00216
0.00215
0.00215
0.00218
0.00218
0.00217
0.00217
-0.00139
-0.00139
-0.00139
-0.00139
-0.0014
-0.00141
-0.0014
0.01058
0.01058
0.01046
0.01046
0.01063
0.01063
0.01052
0.01052
-0.01449
-0.01461
-0.01449
-0.01461
-0.01456
-0.01468
-0.01456
0.00046
0.00046
0.00046
0.00046
0.00047
0.00047
0.00046
0.00046
-0.02622
-0.02623
-0.02622
-0.02623
-0.02628
-0.02629
-0.02628
-0.01089
-0.01089
-0.01078
-0.01078
-0.01095
-0.01095
-0.01083
-0.01083
-0.01586
-0.01574
-0.01586
-0.01574
-0.01594
-0.01582
-0.01594
-0.00214
-0.00214
-0.00213
-0.00213
-0.00216
-0.00216
-0.00215
-0.00215
-0.0015
-0.00149
-0.0015
-0.00149
-0.00151
-0.0015
-0.00151
-0.00046
-0.00046
-0.00046
-0.00046
-0.00046
-0.00046
-0.00046
-0.00046
-0.00031
-0.00031
-0.00031
-0.00031
-0.00031
-0.00031
-0.00031
-0.00028
-0.00028
-0.00028
-0.00028
-0.00029
-0.00029
-0.00029
-0.00029
-0.00015
-0.00015
-0.00015
-0.00015
-0.00015
-0.00015
-0.00015
-0.00017
-0.00017
-0.00017
-0.00017
-0.00017
-0.00017
-0.00017
-0.00017
-0.00011
-0.00011
-0.00011
-0.00011
-0.00011
-0.00011
-0.00011
-0.0001
-0.0001
-0.0001
-0.0001
-0.0001
-0.0001
-0.0001
-0.0001
-6e-05
-6e-05
-6e-05
-6e-05
-6e-05
-6e-05
-6e-05
-8e-05
-8e-05
-8e-05
-8e-05
-8e-05
-8e-05
-8e-05
-8e-05
-4e-05
-4e-05
-4e-05
-4e-05
-4e-05
-4e-05
-4e-05
0.00198
0.00198
0.00198
0.00198
0.00199
0.00199
0.002
0.002
0.00133
0.00134
0.00133
0.00134
0.00134
0.00135
0.00134
0.0084
0.0084
0.00849
0.00849
0.00844
0.00844
0.00853
0.00853
0.01203
0.01212
0.01203
0.01212
0.0121
0.01218
0.0121
0.00025
0.00025
0.00025
0.00025
0.00024
0.00024
0.00025
0.00025
0.02051
0.02051
0.02051
0.02051
0.02058
0.02058
0.02058
-0.00852
-0.00852
-0.00862
-0.00862
-0.00857
-0.00857
-0.00866
-0.00866
0.01312
0.01303
0.01312
0.01303
0.01319
0.0131
0.01319
-0.00192
-0.00192
-0.00193
-0.00193
-0.00194
-0.00194
-0.00195
-0.00195
0.00141
0.0014
0.00141
0.0014
0.00142
0.00141
0.00142
-0.0004
-0.0004
-0.0004
-0.0004
-0.00041
-0.00041
-0.00041
-0.00041
0.00029
0.00029
0.00029
0.00029
0.00029
0.00029
0.00029
-0.00027
-0.00027
-0.00027
-0.00027
-0.00028
-0.00028
-0.00028
-0.00028
0.00015
0.00015
0.00015
0.00015
0.00015
0.00015
0.00015
-0.00018
-0.00018
-0.00018
-0.00018
-0.00018
-0.00018
-0.00018
-0.00018
0.00011
0.00011
0.00011
0.00011
0.00011
0.00011
0.00011
-0.0001
-0.0001
-0.0001
-0.0001
-0.0001
-0.0001
-0.0001
-0.0001
5e-05
5e-05
5e-05
5e-05
5e-05
5e-05
5e-05
-7e-05
-7e-05
-7e-05
-7e-05
-8e-05
-8e-05
-8e-05
-8e-05
4e-05
4e-05
4e-05
4e-05
4e-05
4e-05
4e-05
-0.00033
-0.00033
-0.00033
-0.00033
-0.00033
-0.00033
-0.00033
-0.00033
-0.00029
-0.00029
-0.00029
-0.00029
-0.00029
-0.00029
-0.00029
