0.144430605768330
-0.036985549577156
0.090195184652858
0.052613685899572
-0.870954980993325
0.000000000000000
-0.221085253593624
-0.150830492493817
-0.124928388866180
-0.073869893115420
0.000000000000000
0.000000000000000
-0.110932453769254
-0.110932453769254
1.166382534859140
-0.034725670240167
0.011192786111444
-0.019212121953785
-0.030453812587857
-0.013365260508751
-0.000732266132505
0.497962865393279
-0.094265917195930
0.049778170839511
-0.069006485433882
0.293635377502603
-0.000000000000000
0.132614056034600
0.108534827312523
0.095553234241553
0.083692424078030
0.000000000000000
0.000000000000000
-0.004039495799630
-0.004039495799630
0.026728489124624
0.146288249912747
0.114677871765656
0.098535732532088
0.091189938919629
0.081465878287731
-0.000422558446285
0.077018852696323
0.390778580567198
-0.041481610248913
0.958312192265831
-3.379818653700280
0.000000000000001
-0.918329162296201
-0.663139184646918
-0.555301450360938
-0.389103209615081
0.000000000000000
0.000000000000000
0.391369323015770
0.391369323015770
1.444425906114827
-0.691410464931798
-0.401381542601887
-0.366984627615047
-0.353375593696335
-0.263647036648027
0.066991954928145
-0.834754928301902
0.180539194828197
-0.093593881303180
0.111338494312440
-0.188679988584813
-0.000000000000000
-0.140768799217055
-0.124763283198145
-0.112366427026003
-0.109476413954618
0.000000000000000
0.000000000000000
0.039934493795092
0.039934493795092
-0.399264610974767
-0.220098188963149
-0.184745445693231
-0.149958994188596
-0.134931688464676
-0.124841289227075
-0.016737000036756
-1.016601721953384
0.573060964857004
-0.666789067152567
0.579418973716846
-2.518152805911536
0.000000000000000
-0.824542897717734
-0.614422996997666
-0.525880365953883
-0.383305087936990
0.000000000000000
0.000000000000000
-0.261369939450996
-0.261369939450996
2.712418370699546
-0.431292023063423
-0.264244182117410
-0.297552114987859
-0.306528620874678
-0.244137071300500
-0.031438722541543
-0.834754928301902
0.180539194828197
-0.093593881303180
0.111338494312440
-0.188679988584813
-0.000000000000000
-0.140768799217055
-0.124763283198145
-0.112366427026003
-0.109476413954618
0.000000000000000
0.000000000000000
0.039934493795092
0.039934493795092
-0.399264610974767
-0.220098188963149
-0.184745445693231
-0.149958994188596
-0.134931688464676
-0.124841289227075
-0.016737000036756
-1.016601721953384
0.573060964857004
-0.666789067152567
0.579418973716846
-2.518152805911536
0.000000000000000
-0.824542897717734
-0.614422996997666
-0.525880365953883
-0.383305087936990
0.000000000000000
0.000000000000000
-0.261369939450996
-0.261369939450996
2.712418370699546
-0.431292023063423
-0.264244182117410
-0.297552114987859
-0.306528620874678
-0.244137071300500
-0.031438722541543
-1.016601721953384
0.573060964857004
-0.666789067152567
0.579418973716846
-2.518152805911536
0.000000000000000
-0.824542897717734
-0.614422996997666
-0.525880365953883
-0.383305087936990
0.000000000000000
0.000000000000000
-0.261369939450996
-0.261369939450996
2.712418370699546
-0.431292023063423
-0.264244182117410
-0.297552114987859
-0.306528620874678
-0.244137071300500
-0.031438722541543
