0.001290928394539
0.002949299115172
0.002949299115172
0.002949299115172
0.002949299115172
0.000000000000008
0.002949299115172
0.002949299115172
-0.002949299115170
-0.002949299115164
0.000000000000001
0.000000000000000
-0.002949299115172
-0.002949299115172
-0.002949299115172
-0.002949299115172
-0.002949299115172
-0.002949299115172
-0.002949299115172
-0.002949299115172
0.000144615792547
0.005898598230345
0.005898598230345
-0.002980435355419
0.004781080156208
0.005898598230345
-0.000000000000002
0.005898598230345
0.005898598230345
0.005898598230345
0.005898598230345
-0.000000000000000
0.000000000000000
0.002724669094023
0.002724669094023
0.005898598230345
0.005898598230345
0.005898598230345
0.005898598230345
0.005898598230345
0.005898598230345
0.000062153511706
-0.039653851486725
-0.002070581196361
-0.002201336512415
0.012942854557616
-0.057596839380512
-0.000000000000084
0.188755143371030
0.188755143371030
0.188755143371030
0.188755143371030
-0.000000000000005
0.000000000000000
-0.000220881477516
-0.000220881477516
0.149975852307187
-0.188755143371030
-0.188755143371030
-0.188755143371030
-0.188755143371030
-0.188755143371006
0.000139381579850
-0.011797196460689
-0.001063284217055
0.009239649855643
0.000239704661996
-0.011797196460689
0.000000000000016
-0.011797196460689
-0.011797196460689
-0.011797196460689
-0.011797196460689
0.000000000000001
0.000000000000000
0.006314314221487
0.006314314221487
-0.011797196460689
-0.011797196460689
-0.011797196460689
-0.011797196460689
-0.011797196460689
-0.011797196460689
-0.000200413585004
0.231077809675065
-0.014369270236244
-0.010895403284150
0.005094963405999
0.118166295963531
0.000000000000014
-0.377510286741822
-0.377510286740613
-0.377510286739731
-0.377510286741463
0.000000000000001
0.000000000000000
-0.009591378257379
-0.009591378257379
0.333945056632912
-0.111236220459860
-0.377510286741874
-0.377510286740003
-0.377510286738708
-0.377510286740660
-0.000797757302823
-0.011797196460689
-0.001063284217055
0.009239649855643
0.000239704661996
-0.011797196460689
0.000000000000016
-0.011797196460689
-0.011797196460689
-0.011797196460689
-0.011797196460689
0.000000000000001
0.000000000000000
0.006314314221487
0.006314314221487
-0.011797196460689
-0.011797196460689
-0.011797196460689
-0.011797196460689
-0.011797196460689
-0.011797196460689
-0.000200413585004
0.231077809675065
-0.014369270236244
-0.010895403284150
0.005094963405999
0.118166295963531
0.000000000000014
-0.377510286741822
-0.377510286740613
-0.377510286739731
-0.377510286741463
0.000000000000001
0.000000000000000
-0.009591378257379
-0.009591378257379
0.333945056632912
-0.111236220459860
-0.377510286741874
-0.377510286740003
-0.377510286738708
-0.377510286740660
-0.000797757302823
0.231077809675065
-0.014369270236244
-0.010895403284150
0.005094963405999
0.118166295963531
0.000000000000014
-0.377510286741822
-0.377510286740613
-0.377510286739731
-0.377510286741463
0.000000000000001
0.000000000000000
-0.009591378257379
-0.009591378257379
0.333945056632912
-0.111236220459860
-0.377510286741874
-0.377510286740003
-0.377510286738708
-0.377510286740660
-0.000797757302823
-0.317204020533373
0.075250280646342
-0.048063935822580
0.051754183145475
-0.280062314173479
-0.000000000000013
0.377510286742060
0.377510286742060
0.377510286742060
0.377510286742060
-0.000000000000001
0.000000000000000
0.003951519864172
0.003951519864172
-0.111436350834863
-0.377510286740438
0.377510286742060
0.377510286742060
0.377510286742060
0.377510286742060
-0.000050031614807
0.095562730621214
-0.026846819727395
0.053864597519752
-0.141001455910342
1.870400233962050
-0.000000000000121
-6.040045677464573
-6.040164543586541
-6.040164108143635
6.039758349057532
-0.000000000000007
0.000000000000000
0.008680414871960
0.008680414871960
-1.136057579863114
1.914467229800668
1.797536510782946
5.988433701234065
-6.040164498093302
5.995818492762158
0.000174769092506
0.277740524602971
-0.068382568705656
0.032593256094807
-0.074726072561819
0.531498593358769
0.000000000000043
-1.510041146968239
1.510041146968239
1.060772348893759
1.510041146968239
0.000000000000003
0.000000000000000
0.014267161084694
0.014267161084694
0.337298688978497
-1.510041146968239
-1.510041146968239
-1.510041146968239
1.510041146968239
-1.510041146968239
-0.000113702213770
-0.011797196460689
-0.007533343571218
-0.005053084507827
-0.010376519553364
0.011797196460689
-0.000000000000022
0.011797196460689
0.011797196460689
0.011797196460689
0.011797196460689
-0.000000000000001
0.000000000000000
-0.011797196460689
-0.011797196460689
0.010864701589676
0.011797196459917
0.011797196460668
0.011797196460688
0.011797196460687
0.011797196460689
-0.002057437230877
