0.002302372380000
0.002302372380000
0.002293282880000
0.002293282880000
0.002321418500000
0.002321418500000
0.002312261570000
0.002312261570000
-0.001429873560000
-0.001438963060000
-0.001429873560000
-0.001438963060000
-0.001441647670000
-0.001450804600000
-0.001441647670000
0.010495632300000
0.010495632300000
0.010383409000000
0.010383409000000
0.010548475100000
0.010548475100000
0.010435976900000
0.010435976900000
-0.014391247100000
-0.014503470400000
-0.014391247100000
-0.014503470400000
-0.014460233400000
-0.014572731600000
-0.014460233400000
0.000463601800000
0.000463601800000
0.000456375800000
0.000456375800000
0.000464713300000
0.000464713300000
0.000457499100000
0.000457499100000
-0.026207261200000
-0.026214487200000
-0.026207261200000
-0.026214487200000
-0.026268564500000
-0.026275778700000
-0.026268564500000
-0.010789013100000
-0.010789013100000
-0.010670746700000
-0.010670746700000
-0.010842503700000
-0.010842503700000
-0.010723949200000
-0.010723949200000
-0.015630187200000
-0.015511920800000
-0.015630187200000
-0.015511920800000
-0.015702646300000
-0.015584091800000
-0.015702646300000
-0.002264855050000
-0.002264855050000
-0.002254625780000
-0.002254625780000
-0.002283504250000
-0.002283504250000
-0.002273210820000
-0.002273210820000
-0.001590997470000
-0.001580768200000
-0.001590997470000
-0.001580768200000
-0.001602636040000
-0.001592342610000
-0.001602636040000
-0.000458387390000
-0.000458387390000
-0.000457176630000
-0.000457176630000
-0.000462659070000
-0.000462659070000
-0.000461439410000
-0.000461439410000
-0.000307187920000
-0.000305977160000
-0.000307187920000
-0.000305977160000
-0.000309621610000
-0.000308401950000
-0.000309621610000
-0.000282742850000
-0.000282742850000
-0.000282236800000
-0.000282236800000
-0.000285475380000
-0.000285475380000
-0.000284963380000
-0.000284963380000
-0.000151855190000
-0.000151349140000
-0.000151855190000
-0.000151349140000
-0.000153311930000
-0.000152799930000
-0.000153311930000
-0.000171762620000
-0.000171762620000
-0.000171429050000
-0.000171429050000
-0.000173304920000
-0.000173304920000
-0.000172968600000
-0.000172968600000
-0.000109579490000
-0.000109245920000
-0.000109579490000
-0.000109245920000
-0.000110413480000
-0.000110077160000
-0.000110413480000
-0.000101800233000
-0.000101800233000
-0.000101678240000
-0.000101678240000
-0.000102867127000
-0.000102867127000
-0.000102743596000
-0.000102743596000
-0.000056426878000
-0.000056304885000
-0.000056426878000
-0.000056304885000
-0.000056945902000
-0.000056822371000
-0.000056945902000
-0.000075484378000
-0.000075484378000
-0.000075425520000
-0.000075425520000
-0.000076335381000
-0.000076335381000
-0.000076275257000
-0.000076275257000
-0.000036880671000
-0.000036821813000
-0.000036880671000
-0.000036821813000
-0.000037293354000
-0.000037233230000
-0.000037293354000
0.002125685850000
0.002125685850000
0.002134316380000
0.002134316380000
0.002143425170000
0.002143425170000
0.002152123190000
0.002152123190000
0.001406777700000
0.001415408230000
0.001406777700000
0.001415408230000
0.001418688600000
0.001427386620000
0.001418688600000
0.008378066800000
0.008378066800000
0.008465905200000
0.008465905200000
0.008424262300000
0.008424262300000
0.008512385900000
0.008512385900000
0.012028431100000
0.012116269500000
0.012028431100000
0.012116269500000
0.012093004300000
0.012181127900000
0.012093004300000
0.000245764500000
0.000245764500000
0.000250660000000
0.000250660000000
0.000244269300000
0.000244269300000
0.000249137800000
0.000249137800000
0.020502385100000
0.020507280600000
0.020502385100000
0.020507280600000
0.020571682100000
0.020576550600000
0.020571682100000
-0.008505105200000
-0.008505105200000
-0.008596475300000
-0.008596475300000
-0.008552772700000
-0.008552772700000
-0.008644426500000
-0.008644426500000
0.013152869800000
0.013061499700000
0.013152869800000
0.013061499700000
0.013222273100000
0.013130619300000
0.013222273100000
-0.002019626170000
-0.002019626170000
-0.002028901850000
-0.002028901850000
-0.002037265560000
-0.002037265560000
-0.002046597660000
-0.002046597660000
0.001522846810000
0.001513571130000
0.001522846810000
0.001513571130000
0.001534512020000
0.001525179920000
0.001534512020000
-0.000393649940000
-0.000393649940000
-0.000394703860000
-0.000394703860000
-0.000397336450000
-0.000397336450000
-0.000398394680000
-0.000398394680000
0.000291363400000
0.000290309480000
0.000291363400000
0.000290309480000
0.000293693450000
0.000292635220000
0.000293693450000
-0.000272211760000
-0.000272211760000
-0.000272713260000
-0.000272713260000
-0.000274848420000
-0.000274848420000
-0.000275354680000
-0.000275354680000
0.000149246130000
0.000148744630000
0.000149246130000
0.000148744630000
0.000150781220000
0.000150274960000
0.000150781220000
-0.000175507980000
-0.000175507980000
-0.000175851380000
-0.000175851380000
-0.000177051890000
-0.000177051890000
-0.000177397190000
-0.000177397190000
0.000108798820000
0.000108455420000
0.000108798820000
0.000108455420000
0.000109691250000
0.000109345950000
0.000109691250000
-0.000097785625000
-0.000097785625000
-0.000097906811000
-0.000097906811000
-0.000098828047000
-0.000098828047000
-0.000098950116000
-0.000098950116000
0.000054806223000
0.000054685037000
0.000054806223000
0.000054685037000
0.000055368822000
0.000055246753000
0.000055368822000
-0.000074489749000
-0.000074489749000
-0.000074550800000
-0.000074550800000
-0.000075328329000
-0.000075328329000
-0.000075390098000
-0.000075390098000
0.000035861779000
0.000035800728000
0.000035861779000
0.000035800728000
0.000036314786000
0.000036253017000
0.000036314786000
-0.000331040000001
-0.000331040000001
-0.000331894000000
-0.000331894000000
-0.000330088000000
-0.000330088000000
-0.000330987000002
-0.000330987000002
-0.000277403999999
-0.000278257999997
-0.000277403999999
-0.000278257999997
-0.000273763999997
-0.000274662999999
-0.000273763999997
