-0.130780674778434
0.037355777361573
0.040465241787152
0.040706587656550
-0.237380687879745
0.000000000008829
-0.905043820820305
0.905043820820305
0.905043820818775
0.905043820820305
-0.000000000000254
0.000000000000185
-0.061894289987407
-0.061894289987407
0.607483734390062
-0.905043820820305
-0.905043820820305
-0.905043820820304
0.905043820820305
0.905043820820305
0.000438272905122
0.107327239129342
-0.008173866352494
0.001698822079371
0.000813486788945
-0.047370130496796
-0.000000000000044
-0.898580485587761
0.905043820820304
0.905043820820305
0.905043820819196
-0.000000000000000
0.000000000000000
0.000409363623029
0.000409363623029
-0.153590665065787
-0.056641181423272
0.905043820820305
0.905043820514250
0.311832959208313
0.905043820771049
0.000177571964387
-0.242718731215825
-0.059910906048097
0.036077959027174
0.007300593767765
0.460397824808501
-0.000000000050012
0.905043820820305
-0.905043820820305
-0.905043820820305
0.905043820820305
0.000000000001344
-0.000000000000960
0.002097764471865
0.002097764471865
0.905043820720905
-0.905043820820305
-0.905043820820305
-0.905043820820305
-0.905043820820305
-0.905043820820305
0.001850268319573
-0.100650596867748
0.111793548577748
0.018206526405668
0.134679175962502
0.001219972826746
0.000000000054361
-0.905043820820305
-0.905043820820304
-0.905043820818925
-0.905043820820289
-0.000000000001235
0.000000000000926
0.129097225152441
0.129097225152441
-0.110946366676894
-0.131899381984606
-0.905043811495158
-0.905043817426383
-0.905043818185975
-0.905043820781613
-0.001292128617473
-0.572252471672043
0.445656866491142
-0.435016566322121
0.409348773847971
-0.905043820820305
0.000000000270180
-0.905043820820305
-0.905043820820305
-0.905043820820305
-0.905043820820305
-0.000000000006256
0.000000000004719
-0.069851200277155
-0.069851200277155
0.905043820820305
0.905043820820305
0.149116075874730
-0.905043820820305
-0.905043820820305
-0.905043820820305
-0.007892783676556
-0.100650596867748
0.111793548577748
0.018206526405668
0.134679175962502
0.001219972826746
0.000000000054361
-0.905043820820305
-0.905043820820304
-0.905043820818925
-0.905043820820289
-0.000000000001235
0.000000000000926
0.129097225152441
0.129097225152441
-0.110946366676894
-0.131899381984606
-0.905043811495158
-0.905043817426383
-0.905043818185975
-0.905043820781613
-0.001292128617473
-0.572252471672043
0.445656866491142
-0.435016566322121
0.409348773847971
-0.905043820820305
0.000000000270180
-0.905043820820305
-0.905043820820305
-0.905043820820305
-0.905043820820305
-0.000000000006256
0.000000000004719
-0.069851200277155
-0.069851200277155
0.905043820820305
0.905043820820305
0.149116075874730
-0.905043820820305
-0.905043820820305
-0.905043820820305
-0.007892783676556
-0.572252471672043
0.445656866491142
-0.435016566322121
0.409348773847971
-0.905043820820305
0.000000000270180
-0.905043820820305
-0.905043820820305
-0.905043820820305
-0.905043820820305
-0.000000000006256
0.000000000004719
-0.069851200277155
-0.069851200277155
0.905043820820305
0.905043820820305
0.149116075874730
-0.905043820820305
-0.905043820820305
-0.905043820820305
-0.007892783676556
-0.905043820820305
0.386044046034482
-0.337176154316763
0.355879993451847
-0.506431292803749
-0.000000000359215
-0.905043469761022
0.905043820820305
0.905043820820305
0.905043820820305
0.000000000008341
-0.000000000006256
0.054880282439726
0.054880282439726
-0.816965500730218
-0.905043820820305
0.905043820820305
0.905043820820305
0.905043820820305
0.905043820820304
-0.000339553655078
-0.258330231205817
-0.018947996956551
0.022094354742002
-0.113594739416765
0.905043820819804
0.000000000044463
0.905043183176465
-0.905043820819943
0.905043820441835
0.905043820820253
-0.000000000001317
0.000000000001262
0.031305260423674
0.031305260423674
-0.905043820820189
-0.905043820813825
-0.335224995040662
0.905043820780866
0.905043820756994
0.905043820819696
-0.000526081207599
0.163353115349398
-0.040916626156410
-0.016317337958963
-0.078538837100856
0.905043820820295
0.000000000246364
0.905043820820294
0.905043820820230
0.905043820820303
0.905043820820305
-0.000000000005817
0.000000000004472
0.052049877208236
0.052049877208236
-0.688921098461275
-0.905043820745074
-0.905043820770857
-0.905043820757668
-0.905043820777812
-0.905043820768935
-0.000611969797302
-0.863374050611589
0.028216924031668
-0.112282703284669
-0.045059668228416
-0.572189992274976
0.000000000350215
0.905043820820305
0.905043820820305
0.905043820820305
0.905043820820305
-0.000000000008012
0.000000000006201
-0.159497909208837
-0.159497909208837
-0.160563164816491
0.905043820820305
0.905043820820305
0.905043820820305
0.905043820820305
0.905043820820305
-0.024188539934847
-0.905043820820305
0.154854778695880
-0.045411843109297
-0.076538213976752
0.194316553203928
0.000000000157795
0.905043820818223
0.905043820820305
0.621873527660976
0.905043820819983
-0.000000000003018
0.000000000002195
-0.007414471980349
-0.007414471980349
-0.434391287442131
-0.905043820820305
0.905043820820305
0.905043820820123
0.905043820819692
0.905043820819898
-0.002335035013353
0.698767746164820
-0.240453858465963
0.049455004972702
-0.244206582269662
0.905043820820305
-0.000000000599241
0.386966853632431
-0.905043820820305
-0.905043820820305
-0.905043820820305
0.000000000014048
-0.000000000010783
-0.132463238021298
-0.132463238021298
0.905043820820305
-0.905043820803830
-0.905043820820297
-0.905043820820303
-0.905043820820305
-0.905043820820305
-0.019073701074623
-0.905043820820305
0.123043426506834
0.008679572727032
-0.194754541841907
0.905043820820305
0.000000000077786
0.905043820820305
-0.905043820820305
-0.905043820820305
0.497451866799279
-0.000000000001537
0.000000000001070
-0.017355592605668
-0.017355592605668
-0.818393973535594
0.905043820820305
0.905043820820305
0.905043820820305
0.905043820820305
0.905043820820305
-0.003031712841142
