0.002231206440000
0.002231206440000
0.002224325200000
0.002224325200000
0.002251593670000
0.002251593670000
0.002242626970000
0.002242626970000
-0.001432493940000
-0.001439375180000
-0.001432493940000
-0.001439375180000
-0.001443962230000
-0.001452928930000
-0.001443962230000
0.010292462000000
0.010292462000000
0.010184642700000
0.010184642700000
0.010345920800000
0.010345920800000
0.010236959700000
0.010236959700000
-0.014243888100000
-0.014351707400000
-0.014243888100000
-0.014351707400000
-0.014310730900000
-0.014419692000000
-0.014310730900000
0.000317525400000
0.000317525400000
0.000313342200000
0.000313342200000
0.000320337900000
0.000320337900000
0.000315251400000
0.000315251400000
-0.026130301900000
-0.026134485100000
-0.026130301900000
-0.026134485100000
-0.026191772000000
-0.026196858500000
-0.026191772000000
-0.010540829500000
-0.010540829500000
-0.010426694200000
-0.010426694200000
-0.010592553200000
-0.010592553200000
-0.010477798300000
-0.010477798300000
-0.015265660100000
-0.015151524800000
-0.015265660100000
-0.015151524800000
-0.015335048500000
-0.015220293600000
-0.015335048500000
-0.002211133530000
-0.002211133530000
-0.002201425920000
-0.002201425920000
-0.002229497450000
-0.002229497450000
-0.002219738760000
-0.002219738760000
-0.001546523650000
-0.001536816040000
-0.001546523650000
-0.001536816040000
-0.001558171210000
-0.001548412520000
-0.001558171210000
-0.000467658350000
-0.000467658350000
-0.000466412210000
-0.000466412210000
-0.000471903720000
-0.000471903720000
-0.000470660280000
-0.000470660280000
-0.000315440350000
-0.000314194210000
-0.000315440350000
-0.000314194210000
-0.000317848000000
-0.000316604560000
-0.000317848000000
-0.000287318590000
-0.000287318590000
-0.000286785440000
-0.000286785440000
-0.000290024620000
-0.000290024620000
-0.000289494830000
-0.000289494830000
-0.000155651710000
-0.000155118560000
-0.000155651710000
-0.000155118560000
-0.000157098320000
-0.000156568530000
-0.000157098320000
-0.000174349060000
-0.000174349060000
-0.000173997070000
-0.000173997070000
-0.000175871230000
-0.000175871230000
-0.000175524610000
-0.000175524610000
-0.000111757790000
-0.000111405800000
-0.000111757790000
-0.000111405800000
-0.000112586050000
-0.000112239430000
-0.000112586050000
-0.000103773434000
-0.000103773434000
-0.000103637363000
-0.000103637363000
-0.000104819823000
-0.000104819823000
-0.000104689708000
-0.000104689708000
-0.000057960736000
-0.000057824665000
-0.000057960736000
-0.000057824665000
-0.000058477139000
-0.000058347024000
-0.000058477139000
-0.000076843011000
-0.000076843011000
-0.000076770011000
-0.000076770011000
-0.000077676118000
-0.000077676118000
-0.000077609043000
-0.000077609043000
-0.000038105919000
-0.000038032919000
-0.000038105919000
-0.000038032919000
-0.000038516869000
-0.000038449794000
-0.000038516869000
0.002042319310000
0.002042319310000
0.002050911920000
0.002050911920000
0.002059494810000
0.002059494810000
0.002067819690000
0.002067819690000
0.001369498800000
0.001378091410000
0.001369498800000
0.001378091410000
0.001380899410000
0.001389224290000
0.001380899410000
0.008300482600000
0.008300482600000
0.008386181600000
0.008386181600000
0.008346355200000
0.008346355200000
0.008433271700000
0.008433271700000
0.011816869700000
0.011902568700000
0.011816869700000
0.011902568700000
0.011878701600000
0.011965618100000
0.011878701600000
0.000240771300000
0.000240771300000
0.000245468800000
0.000245468800000
0.000239285600000
0.000239285600000
0.000243249000000
0.000243249000000
0.020545988000000
0.020550685500000
0.020545988000000
0.020550685500000
0.020616027700000
0.020619991100000
0.020616027700000
-0.008369592000000
-0.008369592000000
-0.008458561700000
-0.008458561700000
-0.008416221700000
-0.008416221700000
-0.008504528500000
-0.008504528500000
0.013000918200000
0.012911948500000
0.013000918200000
0.012911948500000
0.013067376600000
0.012979069800000
0.013067376600000
-0.001976953000000
-0.001976953000000
-0.001985588380000
-0.001985588380000
-0.001993920060000
-0.001993920060000
-0.002002561570000
-0.002002561570000
0.001448382250000
0.001439746870000
0.001448382250000
0.001439746870000
0.001459928380000
0.001451286870000
0.001459928380000
-0.000409252680000
-0.000409252680000
-0.000410300680000
-0.000410300680000
-0.000412983080000
-0.000412983080000
-0.000414039920000
-0.000414039920000
0.000295672030000
0.000294624030000
0.000295672030000
0.000294624030000
0.000298000910000
0.000296944070000
0.000298000910000
-0.000276147480000
-0.000276147480000
-0.000276636280000
-0.000276636280000
-0.000278764710000
-0.000278764710000
-0.000279264320000
-0.000279264320000
0.000150553240000
0.000150064440000
0.000150553240000
0.000150064440000
0.000152072420000
0.000151572810000
0.000152072420000
-0.000178090270000
-0.000178090270000
-0.000178421360000
-0.000178421360000
-0.000179613750000
-0.000179613750000
-0.000179953160000
-0.000179953160000
0.000109400930000
0.000109069840000
0.000109400930000
0.000109069840000
0.000110282050000
0.000109942640000
0.000110282050000
-0.000099674002000
-0.000099674002000
-0.000099785810000
-0.000099785810000
-0.000100694634000
-0.000100694634000
-0.000100813691000
-0.000100813691000
0.000055192826000
0.000055081018000
0.000055192826000
0.000055081018000
0.000055746744000
0.000055627687000
0.000055746744000
-0.000075828662000
-0.000075828662000
-0.000075881314000
-0.000075881314000
-0.000076649279000
-0.000076649279000
-0.000076708960000
-0.000076708960000
0.000035960655000
0.000035908003000
0.000035960655000
0.000035908003000
0.000036408194000
0.000036348513000
0.000036408194000
0.000614870999999
0.000614870999999
0.000661805999996
0.000661805999996
0.000594489000000
0.000594489000000
0.000624677000000
0.000624677000000
0.000913842000000
0.000960776999998
0.000913842000000
0.000960776999998
0.000887918999998
0.000918106999998
0.000887918999998
