0.002221028530000
0.002221028530000
0.002212336370000
0.002212336370000
0.002239550270000
0.002239550270000
0.002230795360000
0.002230795360000
-0.001406014650000
-0.001414706810000
-0.001406014650000
-0.001414706810000
-0.001417707340000
-0.001426462250000
-0.001417707340000
0.009382956300000
0.009382956300000
0.009284618500000
0.009284618500000
0.009432299900000
0.009432299900000
0.009333714600000
0.009333714600000
-0.013032612500000
-0.013130950300000
-0.013032612500000
-0.013130950300000
-0.013098336000000
-0.013196921300000
-0.013098336000000
0.000288448000000
0.000288448000000
0.000284665400000
0.000284665400000
0.000290520100000
0.000290520100000
0.000285974800000
0.000285974800000
-0.025034472400000
-0.025038255000000
-0.025034472400000
-0.025038255000000
-0.025103424200000
-0.025107969500000
-0.025103424200000
-0.009423100400000
-0.009423100400000
-0.009322932900000
-0.009322932900000
-0.009472898100000
-0.009472898100000
-0.009372071400000
-0.009372071400000
-0.013822442300000
-0.013722274800000
-0.013822442300000
-0.013722274800000
-0.013891044400000
-0.013790217700000
-0.013891044400000
-0.002160019040000
-0.002160019040000
-0.002150680660000
-0.002150680660000
-0.002178490860000
-0.002178490860000
-0.002169077510000
-0.002169077510000
-0.001510204850000
-0.001500866470000
-0.001510204850000
-0.001500866470000
-0.001522024780000
-0.001512611430000
-0.001522024780000
-0.000460506560000
-0.000460506560000
-0.000459301140000
-0.000459301140000
-0.000464813330000
-0.000464813330000
-0.000463597270000
-0.000463597270000
-0.000312468270000
-0.000311262850000
-0.000312468270000
-0.000311262850000
-0.000314905920000
-0.000313689860000
-0.000314905920000
-0.000283840570000
-0.000283840570000
-0.000283331330000
-0.000283331330000
-0.000286575400000
-0.000286575400000
-0.000286059120000
-0.000286059120000
-0.000154184390000
-0.000153675150000
-0.000154184390000
-0.000153675150000
-0.000155652220000
-0.000155135940000
-0.000155652220000
-0.000172392760000
-0.000172392760000
-0.000172056950000
-0.000172056950000
-0.000173933390000
-0.000173933390000
-0.000173594020000
-0.000173594020000
-0.000111059920000
-0.000110724110000
-0.000111059920000
-0.000110724110000
-0.000111902210000
-0.000111562840000
-0.000111902210000
-0.000102153275000
-0.000102153275000
-0.000102029490000
-0.000102029490000
-0.000103217105000
-0.000103217105000
-0.000103091173000
-0.000103091173000
-0.000057575428000
-0.000057451643000
-0.000057575428000
-0.000057451643000
-0.000058101871000
-0.000057975939000
-0.000058101871000
-0.000075737726000
-0.000075737726000
-0.000075676903000
-0.000075676903000
-0.000076584767000
-0.000076584767000
-0.000076522175000
-0.000076522175000
-0.000037743301000
-0.000037682478000
-0.000037743301000
-0.000037682478000
-0.000038162718000
-0.000038100126000
-0.000038162718000
0.002027534280000
0.002027534280000
0.002035691950000
0.002035691950000
0.002044511580000
0.002044511580000
0.002052736290000
0.002052736290000
0.001354375380000
0.001362533050000
0.001354375380000
0.001362533050000
0.001365976430000
0.001374201140000
0.001365976430000
0.007512390900000
0.007512390900000
0.007587762100000
0.007587762100000
0.007556031000000
0.007556031000000
0.007631693800000
0.007631693800000
0.010683960700000
0.010759331900000
0.010683960700000
0.010759331900000
0.010745268600000
0.010820931400000
0.010745268600000
0.000404710600000
0.000404710600000
0.000412041100000
0.000412041100000
0.000403810200000
0.000403810200000
0.000411117600000
0.000411117600000
0.020244480300000
0.020251810800000
0.020244480300000
0.020251810800000
0.020316791500000
0.020324098900000
0.020316791500000
-0.007547014300000
-0.007547014300000
-0.007626723900000
-0.007626723900000
-0.007590166600000
-0.007590166600000
-0.007670135400000
-0.007670135400000
0.011880618800000
0.011800909200000
0.011880618800000
0.011800909200000
0.011946464600000
0.011866495800000
0.011946464600000
-0.001933817170000
-0.001933817170000
-0.001942211020000
-0.001942211020000
-0.001950775750000
-0.001950775750000
-0.001959221810000
-0.001959221810000
0.001406529350000
0.001398135500000
0.001406529350000
0.001398135500000
0.001417926540000
0.001409480480000
0.001417926540000
-0.000401248440000
-0.000401248440000
-0.000402285270000
-0.000402285270000
-0.000404932710000
-0.000404932710000
-0.000405972380000
-0.000405972380000
0.000289173030000
0.000288136200000
0.000289173030000
0.000288136200000
0.000291459030000
0.000290419360000
0.000291459030000
-0.000273316620000
-0.000273316620000
-0.000273808820000
-0.000273808820000
-0.000275934320000
-0.000275934320000
-0.000276430340000
-0.000276430340000
0.000147914830000
0.000147422630000
0.000147914830000
0.000147422630000
0.000149422430000
0.000148926410000
0.000149422430000
-0.000176440680000
-0.000176440680000
-0.000176780340000
-0.000176780340000
-0.000177975160000
-0.000177975160000
-0.000178316030000
-0.000178316030000
0.000107999010000
0.000107659350000
0.000107999010000
0.000107659350000
0.000108872960000
0.000108532090000
0.000108872960000
-0.000097657485000
-0.000097657485000
-0.000097775522000
-0.000097775522000
-0.000098685400000
-0.000098685400000
-0.000098803776000
-0.000098803776000
0.000054080040000
0.000053962003000
0.000054080040000
0.000053962003000
0.000054628978000
0.000054510602000
0.000054628978000
-0.000074720352000
-0.000074720352000
-0.000074779271000
-0.000074779271000
-0.000075548603000
-0.000075548603000
-0.000075607773000
-0.000075607773000
0.000035338886000
0.000035279967000
0.000035338886000
0.000035279967000
0.000035781749000
0.000035722579000
0.000035781749000
-0.000253582000004
-0.000253582000004
-0.000254385000004
-0.000254385000004
-0.000252843000004
-0.000252843000004
-0.000253651000004
-0.000253651000004
-0.000264464999999
-0.000265267999999
-0.000264464999999
-0.000265267999999
-0.000261128000001
-0.000261936000001
-0.000261128000001
