0.002201156370000
0.002201156370000
0.002192427940000
0.002192427940000
0.002220119850000
0.002220119850000
0.002211328010000
0.002211328010000
-0.001417532000000
-0.001426260430000
-0.001417532000000
-0.001426260430000
-0.001429038030000
-0.001437829870000
-0.001429038030000
0.010001984200000
0.010001984200000
0.009896486200000
0.009896486200000
0.010055282100000
0.010055282100000
0.009949529300000
0.009949529300000
-0.013503122500000
-0.013608620500000
-0.013503122500000
-0.013608620500000
-0.013571265700000
-0.013677018500000
-0.013571265700000
0.000020284700000
0.000020284700000
0.000020094500000
0.000020094500000
0.000025445600000
0.000025445600000
0.000024436400000
0.000024436400000
-0.026638962500000
-0.026639152700000
-0.026638962500000
-0.026639152700000
-0.026696646500000
-0.026697655700000
-0.026696646500000
-0.009786533100000
-0.009786533100000
-0.009684016300000
-0.009684016300000
-0.009839939400000
-0.009839939400000
-0.009736728000000
-0.009736728000000
-0.014210441500000
-0.014107924700000
-0.014210441500000
-0.014107924700000
-0.014278576500000
-0.014175365100000
-0.014278576500000
-0.002158801020000
-0.002158801020000
-0.002149482900000
-0.002149482900000
-0.002177325600000
-0.002177325600000
-0.002167935240000
-0.002167935240000
-0.001528525920000
-0.001519207800000
-0.001528525920000
-0.001519207800000
-0.001540021380000
-0.001530631020000
-0.001540021380000
-0.000465588320000
-0.000465588320000
-0.000464378330000
-0.000464378330000
-0.000469879470000
-0.000469879470000
-0.000468659720000
-0.000468659720000
-0.000315290060000
-0.000314080070000
-0.000315290060000
-0.000314080070000
-0.000317689080000
-0.000316469330000
-0.000317689080000
-0.000287102400000
-0.000287102400000
-0.000286591670000
-0.000286591670000
-0.000289814930000
-0.000289814930000
-0.000289297660000
-0.000289297660000
-0.000155855320000
-0.000155344590000
-0.000155855320000
-0.000155344590000
-0.000157290710000
-0.000156773440000
-0.000157290710000
-0.000174445230000
-0.000174445230000
-0.000174115890000
-0.000174115890000
-0.000175968260000
-0.000175968260000
-0.000175635550000
-0.000175635550000
-0.000111387430000
-0.000111058090000
-0.000111387430000
-0.000111058090000
-0.000112217860000
-0.000111885150000
-0.000112217860000
-0.000104284988000
-0.000104284988000
-0.000104163339000
-0.000104163339000
-0.000105325329000
-0.000105325329000
-0.000105201736000
-0.000105201736000
-0.000058010844000
-0.000057889195000
-0.000058010844000
-0.000057889195000
-0.000058524973000
-0.000058401380000
-0.000058524973000
-0.000077527731000
-0.000077527731000
-0.000077466628000
-0.000077466628000
-0.000078350675000
-0.000078350675000
-0.000078288010000
-0.000078288010000
-0.000038188543000
-0.000038127440000
-0.000038188543000
-0.000038127440000
-0.000038597463000
-0.000038534798000
-0.000038597463000
0.002000137430000
0.002000137430000
0.002008202150000
0.002008202150000
0.002017614110000
0.002017614110000
0.002025747490000
0.002025747490000
0.001365691470000
0.001373756190000
0.001365691470000
0.001373756190000
0.001377073700000
0.001385207080000
0.001377073700000
0.007655991200000
0.007655991200000
0.007732444500000
0.007732444500000
0.007703568500000
0.007703568500000
0.007780352200000
0.007780352200000
0.010946529800000
0.011022983100000
0.010946529800000
0.011022983100000
0.011008812200000
0.011085595900000
0.011008812200000
0.000162812800000
0.000162812800000
0.000166033100000
0.000166033100000
0.000163323400000
0.000163323400000
0.000166538500000
0.000166538500000
0.021324265700000
0.021327486000000
0.021324265700000
0.021327486000000
0.021395323400000
0.021398538500000
0.021395323400000
-0.007995486700000
-0.007995486700000
-0.008079446800000
-0.008079446800000
-0.008042137700000
-0.008042137700000
-0.008126418300000
-0.008126418300000
0.012327735700000
0.012243775600000
0.012327735700000
0.012243775600000
0.012398026000000
0.012313745400000
0.012398026000000
-0.001996957070000
-0.001996957070000
-0.002005716400000
-0.002005716400000
-0.002014067490000
-0.002014067490000
-0.002022884690000
-0.002022884690000
0.001448092750000
0.001439333420000
0.001448092750000
0.001439333420000
0.001459483150000
0.001450665950000
0.001459483150000
-0.000409724330000
-0.000409724330000
-0.000410793380000
-0.000410793380000
-0.000413423460000
-0.000413423460000
-0.000414496120000
-0.000414496120000
0.000293540220000
0.000292471170000
0.000293540220000
0.000292471170000
0.000295815070000
0.000294742410000
0.000295815070000
-0.000276929540000
-0.000276929540000
-0.000277436010000
-0.000277436010000
-0.000279523850000
-0.000279523850000
-0.000280034500000
-0.000280034500000
0.000150012790000
0.000149506320000
0.000150012790000
0.000149506320000
0.000151496140000
0.000150985490000
0.000151496140000
-0.000178407120000
-0.000178407120000
-0.000178745420000
-0.000178745420000
-0.000179918890000
-0.000179918890000
-0.000180258850000
-0.000180258850000
0.000108581430000
0.000108243130000
0.000108581430000
0.000108243130000
0.000109448380000
0.000109108420000
0.000109448380000
-0.000100528878000
-0.000100528878000
-0.000100652909000
-0.000100652909000
-0.000101533231000
-0.000101533231000
-0.000101657788000
-0.000101657788000
0.000055095648000
0.000054971617000
0.000055095648000
0.000054971617000
0.000055634421000
0.000055509864000
0.000055634421000
-0.000076676147000
-0.000076676147000
-0.000076740772000
-0.000076740772000
-0.000077479050000
-0.000077479050000
-0.000077544036000
-0.000077544036000
0.000035956346000
0.000035891721000
0.000035956346000
0.000035891721000
0.000036391021000
0.000036326035000
0.000036391021000
0.002031889000004
0.002031889000004
0.002095176000000
0.002095176000000
0.001953611000000
0.001953611000000
0.002014805000000
0.002014805000000
0.002410957000004
0.002474244000000
0.002410957000004
0.002474244000000
0.002353302000002
0.002414496000003
0.002353302000002
