0.038044528328283
-0.155046945542786
0.153583900419490
-0.131985517189676
-0.025011752295342
0.000000000000000
0.007169601872018
0.008833666277367
0.006219893428026
0.005084240693518
0.232409542467739
0.017964477922460
-0.259169033777402
-0.259169033777402
0.266977414269918
0.060170069504393
0.043839201002949
0.029743988410611
0.020507537129407
0.016752395207939
-0.010916421434285
0.144923869974495
0.047469639312433
0.027451812722487
0.055710444664790
0.066383709762827
-0.000000000000000
0.030108241808769
0.025407169503108
0.019931420754173
0.017295922066858
0.210876531149296
-0.006716009720570
0.100890052571393
0.100890052571393
0.203708187532792
0.064366358550542
0.045724044607774
0.034267956167842
0.025805172714781
0.021940608199433
0.011637387050594
0.268321408190990
-0.163973085478827
-0.052759982843518
0.111179444724944
-0.268321408190990
-0.000000000000000
-0.268321408190990
-0.268321408190990
-0.268321408190990
-0.268321408190990
0.268321408190990
-0.268321408190990
0.022279717886895
0.022279717886895
0.132848238548247
0.268321408190990
0.268321408190613
0.268321408190990
0.268321408190990
0.268321408190990
-0.010387063939832
-0.253526644024306
-0.052373409727794
-0.040481647993847
-0.071113746475427
-0.032861151896534
0.000000000000000
-0.137794118700966
-0.147054892437450
-0.142918627177290
-0.141954089492938
-0.251194042237403
0.004834947776279
-0.129188935873847
-0.129188935873847
-0.247381751810511
-0.186772545215920
-0.171452118540058
-0.165375575480483
-0.158530740679082
-0.155691440990527
-0.037996792688683
0.035618713940862
0.092618297592431
-0.268321408190990
0.081353497621849
0.014561941035072
0.000000000000000
-0.268321408190990
-0.268321408190990
-0.268321408190990
-0.268321408190990
-0.268321408190990
0.094125148516983
-0.268321408190990
-0.268321408190990
0.268321408190990
-0.268321408190990
-0.268321408190990
-0.268321408190990
-0.268321408190990
-0.268321408190990
-0.023342234696703
-0.253526644024306
-0.052373409727794
-0.040481647993847
-0.071113746475427
-0.032861151896534
0.000000000000000
-0.137794118700966
-0.147054892437450
-0.142918627177290
-0.141954089492938
-0.251194042237403
0.004834947776279
-0.129188935873847
-0.129188935873847
-0.247381751810511
-0.186772545215920
-0.171452118540058
-0.165375575480483
-0.158530740679082
-0.155691440990527
-0.037996792688683
0.035618713940862
0.092618297592431
-0.268321408190990
0.081353497621849
0.014561941035072
0.000000000000000
-0.268321408190990
-0.268321408190990
-0.268321408190990
-0.268321408190990
-0.268321408190990
0.094125148516983
-0.268321408190990
-0.268321408190990
0.268321408190990
-0.268321408190990
-0.268321408190990
-0.268321408190990
-0.268321408190990
-0.268321408190990
-0.023342234696703
0.035618713940862
0.092618297592431
-0.268321408190990
0.081353497621849
0.014561941035072
0.000000000000000
-0.268321408190990
-0.268321408190990
-0.268321408190990
-0.268321408190990
-0.268321408190990
0.094125148516983
-0.268321408190990
-0.268321408190990
0.268321408190990
-0.268321408190990
-0.268321408190990
-0.268321408190990
-0.268321408190990
-0.268321408190990
-0.023342234696703
