2.975858683658401
1.489879681846541
-2.245064420869900
-0.709403340540708
1.955581595495920
2.975858680373476
2.975858679178216
2.975858678628605
2.975858677070606
2.975858676176503
-2.975858680633373
-2.824478602612096
2.975858684862154
0.292490619853898
-2.975858684588776
-2.975858683050770
-2.975858679654258
-2.975858672038310
-2.975858634370368
2.975858578719079
-0.064417292243520
1.654522187489030
0.926905213722209
1.221859526611236
1.180040166201495
0.025530630147369
1.654522187446346
1.654522187421272
1.654522187423949
1.654522187403020
1.654522187419745
1.654522187577316
1.654522187560774
1.190255937783288
1.364899619793945
1.654522187553153
1.654522187535913
1.654522187517149
1.654522187495967
1.654522187481088
1.654522187486475
0.340089887468341
-6.312326618583311
0.202945294436236
1.976000378542720
-4.547649912478708
6.312326617351440
6.312326611750981
6.312326592708716
6.312326565395167
-6.312325489328972
-6.312326429419737
-6.312326619242839
0.685695736390741
3.268702965021244
-6.312326624873180
6.312326614841507
6.312326586111823
-0.357237350425803
-6.312326477319482
-6.312326439409760
-6.312326571155940
-0.261861926481393
-0.240931641283544
0.054500525820404
-0.160029009845366
-0.086927220114789
0.169849207028365
-0.240931640965311
-0.240931640957985
-0.240931640856739
-0.240931640736963
-0.240931640629856
-0.240931641122413
-0.240931641252325
0.007229625474202
-0.106064372200755
-0.240931641310999
-0.240931641288926
-0.240931641229669
-0.240931641118266
-0.240931640900478
-0.240931640636765
-0.053866318158542
-0.648920430981663
0.388876870619357
-0.648920431548987
-0.242623180186189
0.582850157110340
-0.648920430398539
-0.648920430032659
-0.648920429736654
-0.648920429146387
-0.648920428579719
-0.308754892527197
0.104793580880785
-0.648920431651442
-0.385803984260836
0.648920431407130
0.648920426610593
-0.648920429017336
-0.648920425772189
-0.648920426474228
-0.648920426900952
-0.097277116859960
-0.297145777503817
-0.573475152719192
0.246239876323888
-0.085344219849927
-0.573475153057516
-0.573475152101149
-0.573475150660189
-0.573475149618533
0.217736540423133
0.573475127986225
0.573475153121508
0.573475153027214
-0.542896157828035
-0.028023298858185
0.573475151722041
0.573475151593005
0.573475150884182
0.573475149569922
0.573475147945022
0.573475146183244
-0.017437077734228
0.868893688179553
0.263963427839917
-0.031994468142614
0.616827123461720
-0.868893688210565
-0.868893688144774
-0.868893688055367
-0.868893687938156
-0.868893687506623
-0.868893662520646
0.868893688181637
0.468023543113928
-0.246933712169876
0.868893688217633
-0.868893688181555
-0.868893688049434
-0.868893687882776
-0.868893687643754
0.019004333351466
0.868893685880840
0.075270413858383
-0.135734387050946
-0.083990121940228
-0.043080271857279
0.067121181120441
0.135734387589263
0.135734374635209
0.135734126338645
-0.135734184898956
-0.135734342697884
-0.135734350687000
-0.010930596896802
0.135734388929509
0.097466567607963
-0.135734389021698
-0.097819455132439
0.135734351942282
0.135733469596232
-0.135732137935255
-0.135734309153717
-0.135734347327607
0.000240346523444
